Colorado
California
Oregon
Washington
Idaho
Montana
l
22 00
21 18
1
2
16 23
14 80
2
3
3
4
1.99
4
5
1 62
5
6
14 75
6
7
27 66
26 25
29.00
7
8
24 45
24 15
24 50
8
9
10
23.00
18.38
23 57
16.32
21 80
22.50
23.00
9
10
11
19.50
16 97
11
12
9 32
9 30
14 33
12
13
14 20
12 48
13
14
12.25
9.80
9.28
14
15
16
9.07
1 76
8.61
1 64
3 50
15
16
17
18
19
13.25
' ' 12 .55 ' '
12.62
12.87
8,. 60
13.70
10.66
12.50
17
18
19
20
21
22
23
' ' 25 .50 ' '
9.25
"23 .'17' '
22.00
8.20
10.83
27.25
26.00
9.50
20
21
22
23
24
25
9.75
9.07
13.50
24 00
24
25
26
27
10.38
9.65
14.12
25 12
20 89
26
27
28
23 37
25.71
28
29
24 16
21 83
29
30
31
11.25
10 00
10.83
10 46
14.52
12.12
30
31
32
:?:-!
1.80
13 33
1.90
13 93
32
33
34
50 56
34
35
30.55
35
36
21 70
36
37
37
38
26 50
29 25
30 :00
38
39
40
41
42
23.61
21.50
17.80
13 64
23.50
19.75
15.50
39
40
41
42
43
44
45
45
47
12.50
' ' 36 .83 ' '
' ' 41 .33
33.00
'23.00
' ' 37 .00 ' '
36.00
30.50
19.50
15.23
38.64
37.25
27.50
20.58
" 'ss'.issi"
41.25
34.50
22.37
43
44
45
46
47
48
19 50
17 00
17.08
18.50
48
49
25 66
25 33
25 17
24 79
26 50
49
50
18 58
17 33
16 17
19.12
17.50
50
51
52
11.10
12 47
15.25
16.50
14.12
9 75
14.18
11 29
16.75
13.91
51
52
53
54
55
4.08
13.50
' ' 13 .53 ' '
24 79
2.95
15.87
3.06
13.83
2.85
14.44
53
54
55
56
57
20.29
13 54
56
57
58
10 55
58
59
59
60
1 62
60
61
1 07
61
62
63
17.12
' ' 27 .66
62
63
64
64
65
17.50
14.70
65
66
10 50
8.25
66
67
13.33
11 .83
67
