j
S
Louisiana
Mississippi
Missouri
Alabama
03
1
O
South
Carolina
North
Carolina
Tennessee
Kentucky
S
'c
'A
1
1
2
2
3
3
4
4
5
5
6
6
7
7
8
13 75
15 75
3
q
14 12
17 25
9
10
14 50
10
14
10 33
12 37
12
13
7 75
13
14
12 47
14
15
19 27
18 50
15
16
15.90
14 82
16
17
9 66
11 12
10 00
17
18
12 25
12 25
18
19
23 00
23 56
19
20
20 30
21 54
18 12
20
21
9 90
10 53
10 80
21
12 89
11 64
10 23
22
23
50 00
23
24
25
42 66
25
;
26
27
28 00
27
28
21 50
27 00
28
09
25 00
on
30
19 00
30
31
9fi 00
01
32
33
3.40
2 17
32
00
34
35
36
37
38
39
'28. 13
14.23
21.63
10.53
12.30
27. 32"
17.99
23.66
10.56
12.58
27.46
17.93
22.39
9.57
13.17
26.00
17.00
20.79
11.03
13.78
20.31
24.25
12.37
13.83
28.00
17.29
19.73
10.58
13.03
i7.b'5"
19.50
10.33
10.66
17.25
19.25
9.50
16.25
19.39
34
35
36
37
38
39
40
11.09
12.33
11.47
10.62
13.87
11.00
40-
41
19.50
13.00
12.83
12.75
41
42
43
; 18.25
: 16.88
18.19
17.94
17.64
17.22
18.00
17.50
18.50
17.58
19.66
18.25
42:
43-
44
45
12.36
1.50
12.78
1.55
13 . 12
1.39
12.83
1.41
"i.38
13.31
1.33
18.00
44
45
46
47
12.58
13.82
12.66
13.73
13.75
13.49
46
47
48
49
29.33
47.50
31 17
39.00
32.25
48
49
50
37.00
32.65
50
51
29.50
29 31
28.35
51
52
i 17.87
17.35
15.45
18.50
52
53
! 12.12
13.25
13.76
53
54
55
j 10.17
10.50
9.75
11.10
8 49
10 25
54
55
56
57
1 9.17
10.83
11.37
13.48
io.35
56
57
58
59
13.25
15.75
16.03
18.12
11.50
13.25
58
59
60
11.08
15.88
16.04
12.50
13.05
13 25
60
61
61
6?
62
63
63
64
64
65
65
66
.
66
67
67
68
68
69
69
70
1
71
2
72
3
73
4
74
5
75
6
76
77
8
78
