I
%
c
i
Pennsylvania
.1
New
Hampshire
Vermont
Connecticut
Massachusetts
c
Minnesota
d
'5
c
o
M
Michigan
1
14.26
14.41
1
2
15.78
16.10
2
3
4
16.13
14.38
14.40
14.75
3
4
2.96
3.00
5
,,
11.98
12.05
6
7
13 75
18 17
7
14 68
16 00
19 33
16 00
8
g
15 25
17 75
20 17
18 00
9
10
13 80
17 16
19 00
16 58
10
12 00
12 17
15 75
15 00
11
12
13
14.66
6 81
18.50
12 17
16.80
9 90
15.50
15.00
12
13
14
15
16
14.10
17.47
14.70
15.20
15.00
14
15
16
17
17
18
18
19
19
20
20
21
21
22
22
23
58.50
35'bb'
48.42
37.92
51.97
41.09
23
24
25
26
50.00
26 00
40.11
26 33
43.73
24.44
25
26
27
28
29
30
27.50
25.00
19 50
30.00
'is. 00"
'ig'.bb'
'25'. bo
22.60
19.00
23.20
21.97
18.68
13.40
22.66
24.93
21.03
13.83
is. bo
27
28
29
30
Ml
32
34
35
36
37
27.00
26 .33
3.33
24.50
17.66'
is. 20
26'.60'
ie.Vi
20.36
24.50
3:94
3.48
18.68
26.43
4.05
3.29
21.78
"3". 25"
2.75
22.67
31
32
33
34
35
36
37
MS
:><)
38
39
4o
41
42
43
44
45
40
41
42
43
44
45
46
47
46
47
48
49
48
49
50
50
51
51
52
52
53
53
54
55
54
55
56
56
57
58
57
58
59
*
59
60
61
21 Ql
"19.30'
'2i'.S7"
'l9'. 08'
60
61
62
23.44
21.60
21.19
62
63
20.90
19.50
19.51
63
64
19 48
17.75
16 95
64
65
19.73
19.50
18.48
65
66
67
3.44
20 21
3.37
18 45
is 83
2.92
19 56
66
67
68
22 50
68
69
35 31
69
70
22 44
70
71
18 62
71
72
15.81
72
73
21.77
73
74
17 83
74
75
18 50
75
76
18 79
76
15.68
77
78
17.62
78
