a
Bj
Is
j
i
^ a
|
3
B
1
|
s
a
$>
J
1
1
1
rt
I!
/. _
i!
2
'3s
>
.2
D
j
I '
.2
1
.
1
37.16
35.00
36.83
40.91
38.00
37 50
38 00
42 00
40 70
1
2
21.58
21.66
23.73
25 09
22 55
26 50
26 75
28 85
27 18
2
3
11.50
10.50
12.50
13.64
13 83
13 00
12 40
14 25
16 71
3
4
29.33
22.00
25.33
22 18
25 66
17 00
22 50
29 47
4
5
32 31
28 80
32 50
37 00
30 25
5
6
21.81
20 00
23 33
27 33
22 25
6
7
14 79
14 00
16 00
14 66
16 00
7
8
9 81
9 50
9 00
10 66
8
9
10
20.43
20.50
21.00
21.00
21.25
20.62
16 50
9
10
11
12
is 38
il 12
13.50
15 65
11
12
13
14
26.37
17 00
13
14
15
16
10.25
7 87
15
16
17
14 33
17
IS
37 57
37 83
33 50
38 00
34 00
37 64
41 50
18
19
25 23
25 88
22 50
27 66
24 00
27 46
29 50
19
20
13 82
13 50
13 00
12 33
11 70
13 50
15 43
20
21
22
23
25.12
24.45'
26.00'
8.09
16.00
7.50
18.12
ii.75
8.33
8.17
8.22
15.91
19.83'
31.50
21
22
23
24
25
39.62
18.00
41.50
19.50
40.73
18.92
24
25
26
15.00
14.75
14 56
26
27
28
29
30
31
34.96
31.74
18.22
20.22
19.66
33.00
28.00
18.25
21.00
33.16
28.66
19.21
22.00
34.32
29.32
19.54
36.50
30.60
21.25
36.66
32.00
21.16
20.66
27
28
29
30
31
32
33
16.25
5.54
io'.'sb'
14.00
7.37
12.50
8.32
15.60
9.87
18.83
9 00
32
33
34
35
36
2.82
21.22
3.14
21 '.54'
2.75
3 08
15.56"
2.35
4 61
2.70
'is'. 75"
34
35
36
37
2.25
2 08
3 27
37
38
39
40
41
1.41
1.23
1.75
is', bo
38
39
40
41
42
43
44
45
29.25
15.75
14.66
16.50
27.50
18.20
19.30
42
43
44
45
46
47
48
24.75
15.25
15 70
22.39
12.50
11 75
23.66
13.66
15 00
26.00
16.00
22.50
12 25
46
47
48
49
15.70
14 44
15.40
17.62
49
50
51
52
'.'.'.'.'.'...
12.62
10.60
12.36
11.05
8.50
13.30
12.25
9.91
11.64
13.12
10.51
50
51
52
63
,
50 83
44 75
53.50
47.00
'
40.90
53
54
24 00
23 33
28 00
27 66
27.00
54
55
56
31.00
30 . 50
22 50
24.00
28.00
20.50
32.20
21.33
55
56
57
14.00
13.62
18.12
57
58
59
60
61
62
63
36'. 50
20.40
10.83
7 00
14'. 33
35.18
21.00
10 . 23
5 65
'is'. 40
35.85
22.37
12.81
7 is
9.00
11.00
38.58
24.21
13.44
7 39
'is', oo
36 . 75
23.69
13.77
8 22
32.50'
22.50
12.50
36. 50
23.00
13.17
37.75
25.50
12.50
8 50
'is '.so'
35.33
24.00
12.00
8.00
9.12
13.18
38.31
27.22
15.19
8.38
17.92
39.85
27.00
17.00
11.14
58
59
60
61
62
63
64
65
23.34
60
20.00
56 66
19.91
68 80
18.06
66 68
21.30
63 77
17.50
21.50
67.00
27.50
67.50
64
65
66
31 75
33 50
43 60
40 25
39 73
40.00
42.75
66
67
68
14.66
40 05
15.57
39 00
25.25
50 50
20.18
46 86
21.50
41 66
21.66
23 . 69
42.50
67
68
69
1
2
3
4
5
40.50
33.50
>:::::
i2'.83
51.66
35.31
36.00
28.40
29.20
44.07
34.37
32.86
26.00
22.75
43.50
35.00
29.50
'29'. bo'
49.95
35.25
32.00
28.50
23.50
46.75
32.00
26.75
48.64
35.44
31.46
27.50
49.75
37.33
40.ro
31.75
69
70
71
72
73
74
75
6
14.00
H.83
76
