s
c3
C
2
c
1
i
c
'55
e
1
Minnesota
Maryland
Pennsylvania
^4
O
>
*
z
( 'uniifcticut
%
I
1
New
Hampshire
>
'3
X
1
2
3
39.00
23.87
16.62
39.28
26.00
16.90
40.25
30.33
16.33
38.60
25.10
14.00
39.00
23.00
17.00
47.50
35.00
19.00
36.80
28.50
17.00
38.40
28.40
18 75
27.00
30.00
21 00
30.00
20.00
1
2
3
4
5
6
27.80
25.66
34.00
23.43
22.10
36.71
26.30
21.41
35.81
25.09
3i. 66
24.17
26.00
30.00
35.66
24 33
25.00
36.00
26 80
21.86
19.00
22.00
25.00
30 .00
4
5
6
7
17.33
17.37
15.23
16 00
18 00
20 00
7
8
10.50
14.16
12.67
13.66
12.66
12 50
8
9
24.33
22.40
21.53
18 50
22 33
23 33
28 25
19 66
19 00
19 33
9
10
18.66
18.40
16.00
24 43
18 33
10
11
16.00
14.75
17 90
11
12
13
14.16
16.33
12.24
27.12
'28.36'
27.66
19.25
16.31
32.70
17.16
24.00
12.00
16.40
18.00
14.00
22.00
12
13
14
20.00
16.36
17.83
24 33
21 66
14
15
16
13.71
9.43
11.13
8.59
13.71
7.83
15.66
12.00
16.16
11 66
11.50
15
16
17
IS
38.00'
37 .50
15.29
15.75
14.50
38 66
37.50
23.05
39 00
15.60
21 50
16.00
19.33
14.00
19.00
16.66
17
18
19
23.00
26.00
28.00
26.25
19.66
19
20
15.00
14.50
14 00
16 12
20
21
9 00
14 00
21
22
23
24.60
18.67
18.50
16.00
18.00
17.00
22
23
24
32.33
24
25
17.33
25
26
14.83
26
27
27
28
31.66
28
29
29.25
29
30
20.00
30
31
31
32
15.50
32
33
8.75
33
34
34
35
19.26
35
36
36
37
37
38
'38
39
27.50
39.75
39
40
26.66
27.75
40
41
10.00
9.70
41
42
17.50
27.13
24.00
42
43
44
22.60
16.75
33.50
10 94
29.00
9 62
43
44
45
46
15.75
23.00
17.62
20.75
16.88
22.50
15.00
45
46
47
14.50
47
48
14.37
19.25
48
49
50
15.50
11.33
18.33
13.00
49
50
51
52
7.66
11.06
16.75
51
52
53
44.66
44.00
35.00
23.33
53
54
27.28
30.45
21 66
54
55
29.92
31.29
23.60
23.57
55
I 56
57
58
59
60
61
17.50
12.50
11.12
15.62
38.50
24 05
26.29
18.60
13.00
19.17
39.66
31 78
22.94
17.50
11.09
15.38
23.50
14.50
10.42
14.68
45.66
35 00
39.66
30.50
15.33"
37.66
27 66
28.88
17.50
12.00
19.44
41.50
29 50
26.22
19.20.
16.00
19.50
37.00
28 25
15.00
13 '.00
24.00
23 16
'18.50
21.00
18.50'
'17.50
56
57
58
59
60
61
62
63
64
65
66
15.19
10.75
19.30
68.20
36 . 00
16.35
10.77
25.64
69.86
42.15
il.33
24.62
26.00
9.66
28.43
22.00
15.00
24.50
16.00
11.33
17.50
13.25
22.09
21.75
16.25
23.83
20.38
24.22
20.40
19.50
'26'. bo'
62
63
64
65
66
67
16 00
22 21
67
68
43 33
45 33
68
69
41 60
47.18
39.60
69
70
26 50
37 77
33 67
70
71
72
22.50
24 75
36.75
29 00
33.00
27 00
71
72
73
74
25.33
30.00
22.53
20.00
15.00
73
74
75
76
76
13
