Xine Numbers Refer to Grades Listed on Page 4.
TEXAS
ARKANSAS
LOUISIANA
'
rt
S
,O
a
CB
> 1
i
i >
d
s
a
<<
a
bi
3
<
>.
"3
1-1
\
o
fc
o
o
CTJ
^
,3
o
ft
C
rt
1
i i
>i
3
a
<j
a
&
fcC
<J
"5
1 >
i
>
o
2
tj
O
^
js
1
i
-i
t=^
rt
S
tJ
a
<J
a
&
to
3
<
>i
"5
i i
I
>
o
s
1
2
3
4
5
6
7
8
9
10
11
12
13
14
15
16
17
18
19
20
21
22
23
24
25
26
. 27
28
29
30
31
32
33
34
35
36
37
38
39
40
41
42
43
44
45
46
47
48
49
50
51
52
53
54
55
56
57
58
59
60
61
62
63
64
65
66
67
68
69
70
71
72
73
74
75
76
77
78
79
80
1
2
3
4
5
6
7
8
9
10
11
12
13
14
15
16
17
18
19
20
21
22
23
24
25
26
27
28
29
30
31
32
33
34
35
36
37
38
39
40
41
42
43
44
45
46
47
48
49
50
51
52
53
54
55
56
57
58
59
60
61
62
63
64
65
66
67
68
69
70
71
72
73
74
75
76
77
78
79
80
27.44
27.25
9.22
9.67
17.47
21.73
11.84
12.80
9.98
10.84
12.00
19.88
13.65
27.50
9.18
9.34
17.40
20.39
11.63
12.67
10.05
10.75
12.27
18.25
13.78
26.21
9.02
8.94
17.44
20.93
11.54
12.32
9.51
10.36
11.37
17.94
13.58
1.30
12.76
27.00
27.50
9.29
10.09
17.47
22.97
11.57
13.47
10.47
10.75
12.85
19.54
14.75
1.62
14.04
27.28
9.42
9.82
17.83
23.52
10.34
13.64
10.71
11.63
13.22
18.94
14.60
1.57
13.82
27.75
9.35
10.20
17.42
21.72
11.39
13.40
10.18
10.82
13.25
18.28
13.94
1.58
13.37
27.89
27.96
9.01
9.66
17.56
22.09
11.64
12.90
10.09
10.70
13.96
19.76
15.01
1.53
13.38
27.47
8.83
9.21
17.50
22.59
11.16
12.47
9.93
10.26
13.10
18.89
13.91
1.43
13.33
26.53
8.86
9.46
16.63
20.31
11.17
12.60
9.72
10.58
11.49
18.68
14.39
1.49
13.02
is '.35'
22.70
12.17
13.54
12. 43'
20.58
14.14
1.36
13.37
19.02
23.41
12.62
14.11
17.52
22.30
11.96
13.39
i3.34
21.06
14.92
1.64
13.96
'i2!66
20.18
13.79
1.51
13.13
13.15
12.90
