Line Numbers Refer to Grades Listed on Page 4.
MISSISSIPPI
ALABAMA
MISSOURI
h
c3
1
d
a
i
3
>>
ct
1
I
M
3
<
>.
f-1
$
Q
>
$
$
t-.'
rt
s
,0
c
rt
3
3
l-l
>i
oj
s
t-i
o.
<
a
$
hO
3
<!
K^
3
i)
1
>
o
^
+)
rt
3
^D
O
f3H
a
rt
i
3
* i
rt
S
u
a
<
1
be
3
<
>.
3
>>
|
i
"c
O
1
2
3
4
5
6
7
8
9
10
11
12
13
14
15
16
17
18
19
20
21
22
23
24
25
26
27
28
29
30
31
32
33
34
35
36
37
38
39
40
41
42
43
44
45
46
47
48
49
50
51
52
53
54
55
56
57
58
59
60
61
62
63
64
65
66
67
68
69
70
71
72
73
74
75
76
77
78
79
80
A
.:::::
1
2
3
4
5
6
7
8
9
10
11
12
13
14
15
16
17
18
19
20
21
22
23
24
25
26
27
28
29
30
31
32
33
34
35
36
37
38
39
40
41
42
43
44
45
46
47
48
49
50
51
52
53
54
55
56
57
58
59
60
61
62
63
64
65
66
67
68
69
70
71
72
73
74
75
76
77
78
79
80
::;:::
::::::
;::;;:
:::::.'
29.20
ii'.ss'
21.09
11.94
14.75
27.63
8.33
9.63
17.36
20.06
11.30
14.82
10.24
10.70
11.87
19.80
15.88
1.49
13.62
's'.oV
9.32
17.16
20.58
11.25
14.23
10.23
11.12
11.30
18.64
14.57
1.51
13.55
26.25
7.98
9.14
16.84
20.10
11.36
14.53
10.06
11.38
11.50
18.60
14.63
1.55
13.36
30. CO
18.10
20.41
12.67
14.73
is '.is'
21.63
15.17
1.50
13.88
'8".96'
10.00
17.43
20.54
11.78
14.33
10.46
11.65
12.00
18.40
14.61
1.43
14.06
's'.so'
9.46
17.30
20.37
11.44
13.64
10.27
12.29
11.06
19.42
14.80
1.50
13.62
26.00
8.44
9.48
17.47
20.49
11.83
14.52
11.38
12.21
11.75
18.50
15.75
1.61
13.52
9.80
13.08
18.30
22.63
14.00
15.41
12.91
13.83
10.70
12.48
19.25
21.15
12.94
14.28
12.16
12.88
12.75
i2'.24
20.12
'is'.sg'
11.50
12.19
i2'.83'
21.89
15.05
1.47
14.20
'ii'.es'
1.71
11.63
'li'.ss'
'i2'.75'
