Line Numbers Refer to Grades Listed on Page 4.
FLORIDA
GEORGIA
SOUTH CAROLINA
CO
^
I
4
d
c
3
> >
>;
rt
s
a
<
1
be
3
<
>.
ii
y
C
iJ
rt
%
.a
(2
c
rt
> i
i
>
>,
a
%
t-i
a
<
a
u
co
bti
J
<
>>
1
i
>
o
"o
O
IH*
d
^
4
h
2
u
3
>->
>>
(8
5
a
<
+i
1
W)
B
<
"5
> >
cJ
a>
Q
1
4!
6
1
)
3
1
6
,
8
9
10
11
12
13
1-1
15
16
17
is
1!)
20
21
22
23
24
25
26
27
28
29
30
31
32
33
34
35
36
37
38
39
40
41
42
43
41
45
46
47
48
49
50
51
52
53 '
54
55
56
57
58
59
60
61
62
63
64
65
66
67
68
69
70
71
72
73
74
75
76
77
78
7'.*
80
2
3
1
5
6
7
8
9
10
11
12
13
14
15
16
17
18
19
20
2
22
23
24
25
26
27
28
29
30
31
32
33.
34
35-
36.
37
38'
39'
4O
41
42
43
44
45
4S
47
48
49
50
5J
52
53
54
55
5ft
57
58
59
60
61
62:
63:
64
65-
6&.
61
68-
69-
7O-
71
72-
is.
74-
75>
7S.
7T
7&
79
80
19.83
14.83
10 '.33'
'2o'.oo'
9.25
13.00
19.63
14.83
11.50
11.83
23.75
21.70
11.00
11.50
20.37
15.28
11.50
11.73
23.68
23.75
10.12
14.10
20.06
16.65
11.83
21.87
22.12
10.65
13.04
..:...:
:.:::::
'42.67'
32.67
40.00
31.00
19.71
18.43
11.06
12.77
14.23
17.23
20.50
25.00
13.64
'40.00'
30.03
19.30
15.33
10.48
11.25
12.87
15.41
18.30
23.07
14.68
38. OO'
30.26
18 . 54
16.60
12.10
11.44
12.50
14.45
16.93
23.03
14.33
22.17
19.50
16.36
11.43
13.31
14.45
17.38
21.70
24.80
13.58
19.94'
16.11
13.64
12.85
13.97
16.36
18.50
24.08
14.71
' :
46.63
33.25
40.00
29.50
19.25
15.93
10.69
12.41
13.72
17.10
20.40
24.79
13.35
39.17
28.32
41.25
28.50
38.33
30.00
18.50
15.90
10.25
9.80
11.00
14.20
16.65
19.50
12.21
'20'.25'
'2o'.66'
'l7'.6i'
13.64
10.50
12.18
13.68
15.75
19.31
22.75
11.98
15.00
15.75
18.00
20.25
25.50
14.17
14.67
16.50
19.00
22.33
14.50
14.49
14.63
15.78
19.31"
22.84
14.30
14.25
14.31
15.89
19.65
23.42
15.40
