Line Numbers Refer to Grades Listed on Page 4.
NORTH CAROLINA
TENNESSEE
KENTUCKY
1
.D
$
C
eS
>
8
i >
1
a
<
a
M
3
<
>,
3
8
P
1
|
rt
$
xi
d
A
i
*->
>.
a
X
u
a
<J
c.
&
bo
<
>,
3
i >
y
Q
t>
Z
6
i^
rt
i
c
>
i
3
H- >
>i
cfl
s
U
o.
<
a
^
M
<
>;
3
1
|
^
1
2
3
4
5
6
7
8
9
10
11
12
13
14
15
16
17
18
19
20
21
22
23
24
25
26
27
28
29
30
31
32
33
34
35
36
37
38
39
40
41
42
43
44
45
46
47
48
49
50
51
52
53
54
55
56
57
58
59
ei
2 -
3
4
5
6
7
68
69
70
71
72
73
74
75
76
77
78
79
80
::::::
i
4
5
6
7
8
9
10
11
12
13
14
15
16
17
18
19
20
21
22
23
24
25
26
27
28
29
30
31
32
33
34
35
36
37
38
39
40
41
42
43
44
45
46
47
48
49
50
51
52
53
54
55
56
57
58
59
60
61
62
63
64
65
66
67
68
69
70
71
72
73
74
75
76
77
78
79
SO
i3.66
13.64
ii.oo
14.00
14.00
14.08
13.00
13.86
13 75
15.00
12.75
14.48
14.24
12.00
14.00
7.00
13.92
6.75
13.00
6.85
12.98
20.44
15.42
11.79
12.16
23.58
22.00
10.54
14.08
20.17
15.31
12.53
12.33
23.12
20.73
10.64
13.94
20.02
15.12
12.08
11.97
22.64
20.10
9.89
12.99
53.05
20.70
14.91
13.33
12.51
23.00
21.39
10.52
12.74
53.50
47.32
24.50
50.00
24.00
24.00
23.24
17.03
25.62
24.00
20.65
17.34
21.50
19.67
20.01
19.67
20.08
14.83
15.33
17.50
12.26
13.22
15.31
17.74
19.63
12.85
13.61
15.15
18.12
21.06
