Line Numbers Refer to Grades Listed on Page 4.
VIRGINIA
WEST VIRGINIA
MARYLAND
1
JO
4
|
-
>>
^
$
i
ex
&
bo
3
3
i-
i
i
"o
O
1
i
a
3
u
c
p
i i
1
&
<!
a
&
be
3
<
>.
5
> >
j
1
8
i
.Q
4
o
c
1
>>
rt
s
IH
Q.
<
4J
a
*
be
3
<
>.
3
i i
y
Q
1
o
O
1
2
3
4
5
6
7
8
9
10
11
12
13
14
15
16
17
18
19
20
21
22
23
24
25
26
27
28
29
30
31
32
33
34
35
36
37
38
39
40
41
42
43
44
45
46
47
48
49
50
51
52
53
54
55
56
57
58
59
60
61
62
63
64
65
66
67
68
69
70
71
72
73
74
75
76
77
78
79
Ml
1
2
3
4
5
6
7
8
9
10
11
12
13
14
15
16
17
18
19
20
21
22
23
24
25
26
27
28
29
30
31
32
33
34
35
36
37
38
39
40
41
42
43
44
45
46
47
48
49
50
51
52
53
54
55
56
57
58
59
60
61
62
63
64
65
66
67
68
69
70
71
72
73
74
75
76
77
78
79
80
...
";:::
13^62'
15.67
16.50
16.08
12.07
14.20
7.50
13.93
17.60
15.33
16.69
15.33
12.72
13.72
7.50
13.78
17.20'
15.40
16.58
16.83
11.55
15.05
14.71
15.75
16.41
11.50
13 25
'i3'.50'
12.25
'i2'.00
'i4'.66'
15.25
12.44
12.67
ii.25
7.10
15.35
6.67
15.69
21.25
18.50
15.50
17.00
27.00
18.00
14.00
13.00
'i3".64'
23.50
12.11
11.87
10.63
13.31
11.50
12.46
11.77
13.59
12.00
12.17
;;:;;;
20 75
.4 38
i2'.37'
iS'.io'
.......
'i9.50'
21.33
21.17
14.50
16.43
17.86
20.45
20.73
14.88
17.51
17.75
19.83
20.67
16.00
17.87
17.75
20.50
21,34
13.85
17 m
.:...
