Line Numbers Refer to Grades Listed on Page 4.
MINNESOTA
WISCONSIN
MICHIGAN
S
^
d
a
c
3
i
>>
cS
S
i
<
1
M
p
<
*3
i)
y
Q
>
o
^
. I
u
a
S
1
i*
rS
jj
>>
rt
SB
u
o.
<
a
&
GO
2?
13
i >
i
P
i
tj
o
as
i
I
c
rt
i i
<u
C
3
* >
1
o.
<
a
BO
3
><
13
>
cj
Q
>
o
6
1
2
3
4
5
6
7
8
9
10
11
12
13
14
15
16
17
18
19
20
21
22
23
24
25
26
27
28
29
30
31
32
33
34
35
36
37
38
39
40
41
42
43
44
45
46
47
48
49
50
51
52
53
54
55
56
57
58
59
60
61
62
.63
64
65
66
67
68
69
70
71
72
73
74
75
76
77
78
79
80
15.59
17.21
1 7 . 26
15.21
3.14
12.54
15.73
17.16
17.27
15.21
3.14
12.00
15.68
16.82
17.02
15.18
3.24
11.68
15.50
16.41
16.62
1 1 .'.(7
3.14
12.77
15.28
16.42
15.86
16.03
3.39
12.93
15.38
15.95
15.40
15.61
3. Mi
12.60
15.57
16.09
14.79
16.29
3.34
12.29
15.22
15.83
15.21
15.65
3.22
12.21
1
2
3
4
1
7
8
9
10
11
12
13
14
15
16
17
18
19
20
21
22
23
24
25
26
27
28
29
30
31
32
33
34
35
36
37
38
39
40
41
42
43
44
45
46
47
48
49
50
51
52
53
54
55
56
57
58
59
60
61
62
63
64
65
66
67
68
69
70
71
72
73
74
75
76
77
78
79
SI)
'27'.25'
23.25
13.00
29.00
4.06
3.45
22.18
54.58
46.00
46.65
25.66
24.58
23.92
19.86
11.72
26.00
4.32
3.44
17.68
52.59
44.87
43.91
25.92
25.66
22.75
20.37
12.75
25.55
3.91
3.48
18.39
53.00
47.29
44.00
25.80
25.41
23.04
20.10
13.04
24.84
3.97
3.32
18.36
54.81
47.35
47.04
25.77
25.71
23.13
19.97
12.09
24.83
4.00
3.37
18.29
56.92
46 65
48.90
27.00
25.44
24.97
21.71
12.90
27.50
4.26
3.60
21.03
56.50
46.65
49.68
26.62
26.12
24.30
21.25
12.34
26.78
4.15
3.28
19.38
56.41
48.38
47.23
26.50
26.27
24.50
20.97
12.63
26.50
4.03
3.44
20.42
55.80
46.93
46.54
25.12
27.28
24.67
20.38
12.39
26.26
3.92
3.24
19.91
55.72
46.82
47.25
28.50
25.50
26.50
22.64
15.50
29.75
'22'.36'
55.25
51.00
49.50
26.80
25.50
27.00
22.90
13.63
30.17
3.60
3.30
24.23
'28'.50
24.50
27.90
22.75
13.87
29.50
3.93
3.17
22.66
. . . . r. .
12
