Line Numbers Refer to Grades Listed on Page 13.
CALIFORNIA
OREGON
WASHINGTON
t*
rt
.a
c
rt
> t
8
3
f~t
>,
ri
S
<
H
&
ex
3
<
X
3
i i
cj
&
>
o
fe
1
n!
a
,o :
C
0)
c
3
i i
>i
rt
j
<
o
%
be
3
<
>
l-j
1
>'
;z;
s
.0
.
c
4
>-)
QJ
c
<^>
rt
a
C.
<
a
&
^
<
's
i >
1
1
i
1
2
3
4
5
6
7
8
9
10
11
12
13
14
15
16
17
18
19
20
21
22
23
24
25
26
27
28
29
30
31
32
33
34
35
36
37
38
39
40
41
42
43
44
45
-46
47
48
49
50
51
52
53
54
55
56
57
58
59
60
61
62
63
64
65
66
67
681
'.'.'.::..
20.30
21.59
21.22
14.25
2.75
2.10
1.73
14.87
27.63
24.54
16.71
24.45
18.84
10.05
14.57
11.27
10.50
1.62
13.40
9.50
18.90
13.50
2.70
2.02
1.58
'26 '.70'
23.69
15.41
22.67
17.70
9.37
14.13
10.33
9.63
1.49
13.56
9.58
17.03
2.38
1.98
1.53
13.70
25.20
22.44
14.85
21.64
16.56
8.57
11.82
9.57
8.85
1.34
11.59
7.87
1
4
6
7
8
9
10
11
12
13
14
15
16
17
18
19
20
21
22
23
24
25
26
27
28
29
30
31
32
33
34
35
36
37
38
39
40
41
42
43
44
45
46
47
48
49
50
51
52
53
54
55
56
57
58
59
60
61
02
63
64
65
in;
H7
68
'l.'97'
2.17
1.78
15.89
27.65
24.60
16.80
24.30
18.85
9.92
15.19
11.51
10.03
1.69
13.26
9.28
15.33
27.48
24.19
18.71
25.27
20.08
10.56
16.78
10.95
10.16
1.76
11.96
14.07
27.60
24.37
17.83
23.86
19.34
10.19
16.07
10.42
9.30
1.59
11.58
9.33
'13.25
li.50
29.31
26.77
19.41
25.42
21.09
10.59
17.44
11.55
10.93
1.87
12.61
28.17
25.16
18.24
24.90
20.28
11.10
17.70
10.93
10.59
1.80
11.94
14.40
13. is
2.32
'i3l29'
11.68
12.47
12 25
19.42
22.70
9.50
10.02
16.00
10.38
20.50
24.67
8.61
9.94
i2.33
23 . 70
21.83
8.54
9.29
14.67
10.38
20.60
21.71
7.63
8.20
13.50
9.04
11.75
13.00
9.50
10.67
10.00
11.00
2.37
12.50
'si. 83'
33.77
25.22
52.65
34.65
28.06
20.00
55 '.10
34.13
23.49
'54'.37'
34.20
22.89
;;;;:::
45.00
29.75
18.25
'47'.50'
27.00
19.32
10.40
44.38
45.93
44.05
43.20
35.25
43.95
44.14
41.20
39 50
44.88
35.37
21.50
37.83
30.35
21.00
18.50
25.21
17.35
14.91
11.25
3.02
38.33
30.25
20.97
17.97
24.35
17.25
13.62
10.73
3.03
14.65
30.33
21.00
18.50
'H'.32'
14.31
11.34
2.92
16.17
30.50
22.37
33.60
21.00
27163
19.06
32^17
28.33
21.89
15.08
14.30
29.85
21.87
14.69
13.81
26.75
19.00
16.05
12.63
3.30
25.88
17.87
14.95
11.58
2.86
13.00
28.37
20.88
15.10
11.40
2.91
13.50
15.55
16.13
25. 7i
21.43
12.21
9.50
13.67
1.56
1.17
16.72
'25 '.25'
21.28
12.57
8.95
12.75
1.58
1.04
14.38
23.00
24.28
20.90
11.69
8.00
12.50
1.40
1.05
15.43
22.75
24.47
19.53
11.47
8.22
10.75
1.47
.98
14.62
'20'.83'
30.00
29.50
'2il08
29.10
'i6'.22'
28.50
'i9'.90'
31.32
30.00
18.69
11.93
15.92
20.40
32.94
31.00
18.71
11.21
14.60
19.18
30.42
30.83
17.50
10.83
16.17
18.79
31.62
28.34
16.58
9.94
15.63
16.75
13.50
18.17
11.64
13.25
9.83
13.00
10.25
9.50
14
