Line Numbers Refer to Grades Listed on Page 13.
1
L>
3
4
5
6
7
8
9
10
11
12
13
14
15
16
17
18
19
20
21
22
23
24
25
26
27
28
29
30
31
32
33
34
35
36
37
38
39
40
41
42
43
44
45
46
47
48
49
50
51
52
53
54
55
56
57
58
59
60
61
62
63
64
65
66
67
68
IDAHO
MONTANA
COLORADO
u
rt
"f',
<u
fie
c
rt
i
<J
c
3
>-l
c$
i^
&
<
c.
&
ES
<
>>
2
d
Q
>'
I
<A
3
.n
&
c
ctf
>,
%
3
* i
>,
S
c.
<
"S.
be
<
>>
3
>,
o"
&
I
S
u
S
^
.d
(S
i
| >
1
h
C.
<J
c.
%
bi
3
<3
>[
"3
> >
o
a
>
o
^
"o
O
18.50
1
2
3
4
5
6
7
8
9
10
11
12
13
14
15
16
17
18
19
20
21
22
23
24
25
26
27
28
29
30
31
32
33
34
35
36
37
38
39
40
41
42
43
44
45
46
47
48
49
50
51
52
53
54
55
56
57
58
59
60
61
62
63
64
65
66
67
68
10.79
10.30
10.08
10.23
11.75
14.87
12 '.50
'i6'.67
i2.67
13.20
13.50
12.13
11.48
12.25
......
*
26.33'
21.40
19.33
12.13
10.25
1.63
11.25
23.69
21.56
21.37
11.24
10.58
1.43
10.87
"23". 06'
26.39
23.91
16.00
13.04
2.04
13.02
'24'.64'
28.18
25.11
17.14
13.61
2.20
15.35
24.33
21.50
19.50
12.18
11.30
1.40
11.91
22.50
23.50
25.75
11.85
9.85
1.25
12.25
23.84
27.14
23.65
16.17
13.27
2.24
14.87
22.76
26.55
23.71
15.83
12.25
2.07
14.36
..:::::
........
35 '.75
27.25
26.00
22.33
17.56
18.83
39.25
47.50
32.67
24.00
21.00
25.56
17.39
14.15
11.56
3.04
14.70
35 '.50
28.10
24.00
20.25
17.58
20.38
38.50
50.17
33.63
22.50
20.25
28.67
19.00
15.50
12.67
2.78
14.34
37'.33'
27.34
25.50
22.17
15.94
18.25
36.75
43.04
32.37
23.10
20.90
25.70
18.78
13.55
11.42
2.87
15.94
36.50
29.65
25.83
23.00
17.21
16.03
41.40
47.83
33.21
24.75
21.83
26.61
18.94
14.94
13.00
2.91
14.48
33.20
43.44
33.78
23.25
19.89
24.13
17.75
16.67
13.45
3.28
17.50
39.83
45.77
38.20
25.52
22.67
27.83
20.25
17.71
14.20
3.63
17.90
31.25
40.10
33.50
28.34
31.62
35.75
41.75
31 92
22.50
19 25
23.75
18.25
15.83
12.02
3.42
15.05
i6'.92'
14.32
4.00
17.10
14.00
13.23
4.25
13.64
14.25
14.25
3.83
13.60
12.70
13.85
3.56
14.25
11.00
12.67
3.77
12.66
15
