Line Numbers Refer to Grades Listed on Page 16.
ARKANSAS
LOUISIANA
MISSISSIPPI
ctf
a
.Q
<D
fe
C
d
i >
0)
c
3
i i
>>
0)
M
a
<!
1
M
3
<J
>>
"3
i >
(J
1
O
^
O
J
i
a
a
i i
<u
C
3
|
i_i
a
<
"a
C/2
U)
3
<
>>
3
i >
g
Q
>
a
a
ja
&
1
<U
c
3
>,
***
rt
S
Q,
<
1
bb
3
<
"3
i >
1
>'
o
3
1
2
3
4
5
6
7
8
9
10
11
12
13
14
15
16
17
18
19
20
21
22
23
24
25
26
27
28
29
30
31
32
33
34
35
36
37
38
39
40
41
42
43
44
45
46
47
48
49
50
51
52
53
54
55
56
57
58
59
60
61
62
63
64
65
66
67
68
69
70
71
72
73
74
75
76
77
78
79
80
37.00
21 .14
'2i '.92
36. IS
L9.92
13.85
22.00
37.25
20.62
9.34
37.18
20.03
10.25
22.67
35.63
21.83
34.09
21.33
11.50
20.57
35.20
20.40
9.40
37.08
20.92
10.50
36.80
22.00
'20'.50
36.33
23.33
11.00
35.34
21.83
36.67
23.65
10.60
1
2
3
4
5
6
7
8
9
10
11
12
13
14
15
16
17
18
19
20
21
22
23
24
25
26
27
28
29
30
31
32
33
34
35
36
37
38
39
40
41
42
43
44
45
46
47
48
49
50
51
52
53
54
55
56
57
58
59
60
61
62
63
64
65
66
67
68
69
70
71
72
73
74
75
76
77
78
79
80
23.75
40.40
17.50
12.80
20.50
33.50
30.00
20.50
16.03
24.66
44.65
16.93
12.00
20.00
33.00
30.00
19.81
16.08
10.03
15'. 75'
14.75
27.00
16.21
15.79
11.46
8.82
11.50
'23 '.34
16.33
10.00
35.63
31.24
19.47
15.52
8.75
21,50
3.35
2.61
22.35
46.50
15.68
11.00
'35 '.97
31.08
18.98
14.80
8.10
21.09
3.28
2.56
25.33
43.25
16.61
12.39
21.35
35.86
30.50
21.00
24'. 70
45.20
17.50
12.29
'33 '.67'
29.67
20.33
13.50
10.50
24.89
43.09
17.83
13.44
19.67
35.00
29.90
19.65
14.73
9.03
22.00
3.03
2.53
24.13
47.14
18.00
13.08
17.50
33.20
29.19
19.17
13.08
8.69
19.60
3.47
2.37
23 . 60
46.36
18.21
13.17
'33'.00'
29.40
19.00
15.10
9.90
"S.55
2.33
24'.2i
43.28
18.34
12.30
18.50
34.00
29.45
19.70
13.11
9.61
18.00
3.12
2.35
24.00
40.80
16.67
11.92
'35 '.70'
31.63
19.68
15.66
8.92
20.41
3.39
2.71
23.80
40.60
16.40
11.50
35 .83
31.25
19.36
15.66
8.66
21.85
3.55
2.58
18.00
14 '.62'
25.10
14.59
15.86
11.17
9.36
12.25
19.63
15.13
15.40
25.27
15.64
15.53
11.28
8.92
11.75
44.25
25.50
10.00
'ie'.oo'
14.40
26.19
15.60
15.60
11.03
8.92
11.69
17.80
13.50
14.00
26.04
15.34
15.15
10.84
8.18
10.84
43.60
22.60
7.20
is. 33
8.88
6.50
10.00
'i2.33
8.67
5.67
16.00
7.66
'27.06'
15.70
14.75
10.00
6.35
16.63
26.33
15.94
15.69
12.06
9.81
16.00
27.10
15.90
15.50
11.55
9.25
27'.43
15.85
16.00
11.69
9.21
13.65
'38 '.46'
20.94
10.94
5.61
18.66
50.22
29.78
'71 '.08'
41.08
19.20
5.66
15.13
14.50
37. CO
20.83
10.05
5.65
22.67
48.00
30.92
15.67
28.67
66.56
38.21
19.25
43.75
37.64
21.35
11.42
5.94
22.90
48.92
28.75
14.73
30.00
67.17
38.50
19.77
36.86
44.13
32.87
24.00
11.19
'is '.87'
11.90
12.00
3 1. OS'
21.20
10.44
5.45
47.62
28.25
15.67
'65'.53
39.59
20.60
16.00
13.34
39.05
21.25
10.84
4.77
17.42
50.46
27.22
15.60
26.00
67.65
39.00
20.54
21.33
10.68
2o'.o6'
'35.41'
20.75
10.25
7.50
'60. OO'
37.33
19.33
'37:3!
20.67
10.32
'22'.50'
38.50
22.89
11.29
5.33
22.50
69.66'
37.75
19.50
'38 '.25'
21.63
10.41
6.00
23.42
49.77
28.82
14.82
31.40
68.73
40.09
18.80
38.31
22.44
10.71
5.25
20.55
51.00
30.40
15.50
31.40
69.00
40.16
18.17
41.00
45.50
33.00
25.17
13.83
25.60
' 38^88'
22.44
11.56
6.42
21.20
49.75
28.38
15.31
'68'.62'
39.25
19.50
46.67
33.25
24.37
13.75
25.45
45.00
32.00
23.50
13.50
'i7'.82'
13.20
12.18
44.10
32.20
23.80
28.66'
' W.77'
'l8'. 85'
12.31
12.24
'18^25'
13.29
17
