Line Numbers Refer to Grades Listed on Page 16.
ALABAMA
MISSOURI
TEXAS
b
rt
<5
.0
o>
H
c
a
*,
o
c
3
i >
>;
a
s
a
<
$
M
3
<
r*\
^
cj
Q
>'
o
rt
%
.Q
c
rt
i i
6
C
3
rt
a
a
<
a
tu
V)
bi
3
<
>*
13
i i
y
Q
1
o
O
rt
a
i
c
0)
c
3
>
rt
a
w
a
<
a
&
A
p
<t
>>
9
i >
cj
Q
o
i
1
2
3
4
5
6
8
9
.10
11
12
13
14
15
16
17
18
19
20
21
22
23
24
25
26
27
28
29
30
31
32
33
34
35
36
37
38
39
40
41
42
43
1 I
45
46
47
48
49
50
51
52
53
54
55
56
57
58
59
60
61
62
63
64
65
66
67
68
69
70
71
72
73
74
75
76
77
78
7'.)
80
33.50
20 . :r,
33.50
22.17
14.32
'24!08'
36 . 50
22.63
37.88
22.75
14.10
20.25
41.41
24.03
38 . 14
23.34
37.50
22.50
36.50
20.00
10.00
38.25
22.50
10.25
39.62
23.60
12.49
1
2
3
4
5
6
7
8
'.)
10
11
12
13
14
15
16
17
18
19
20
21
22
23
24
25
26
27
28
29
30
31
32
33
34
35
36
37
38
39
40
41
42
43
44
45
46
47
48
49
50
51
52
53
54
55
56
57
58
59
60
61
62
63
64
65
66
67
68
69
70
71
72
73
74
75
76
77
78
79
80
46 66
28.25
13.00
7.25
30'.56'
49.00
23.03
'3i'.34'
46.00
19.30
14.32
33'.50'
29.50
18.00
32.00
28.50
21.00
'3i'.73
28.22
20.19
'34'.00'
27.80
19.60
13.34
10.00
32 '.75'
24.25
20.50
13.75
10.25
i9'.50'
10.00
9.67
15.00
25.50
14.75
15.00
12.50
9.75
'25.75
15.15
15.75
12.25
10.62
17.00
25.67
14.67
14.33
10.33
9.83
11.00
40.00
'24'.50'
15.32
16.44
12.06
7.83
11.92
16.00
28.25
17.50
17.25
13.25
10.17
11.93
25.36
14.07
14.14
12.64
10.21
11.80
'i4'.56'
16.00
10.35
23.50
14.50
14.33
11.17
8.17
'48'.33'
28.33
16 00
15 00
38.35
22 , s I
12.00
46'.50
2:3.50
13.00
'34'.82'
23.17
11.08
7.45
'38'.35'
23.84
12.00
7.00
15.25
34.11
20.56
10.00
6.50
13.50
38.83
21.80
13.40
6.17
14 80
15.38
35.50
19.43
10.50
6.50
12.00
40.50
24.32
13.25
7.25
13.45
22.75
11.50
22.67
10.67
33.65
21.35
11.00
7.10
21.00
50.35
29.67
15 75
32.50
19.00
39.50
21.00
63.50
36.49
16.25
43 '.72
31.38
'67.50
37.50
17.50
'47.33'
33.67
25.00
13.83
7i'.25
39.55
17.73
'48 '.67'
35.38
25.72
14.19
67\68'
38.31
18.23
27.67
64.68
35.50
16.50
ill
44 . 75
33.00
24.00
13.35
18
