Line Numbers Refer to Grades Listed on Page 16.
TENtf
ESSEE
KENT
UCKY
VIRC
rINIA
LJ
JO
c
3
c
3
>
rt
^
C
a
<
ex
bfl
3
<
JX
*3
> >
o
P
>
o
o
O
1
XJ
c
a
* i
6
c
I
tH
a.
<
I
tb
3
<
>>
3
I
>
o
|
1
J3
a
rt
i,
CJ
c
3
rt
i
a
H
3
J
>.
*3
>
2
p
1
o
1
36.56
38.21
39.07
35.73
38.20
37.20
38.09
37.81
40.50
36.00
36 12
1
2
3
4
5
6
7
22.63
i9.38
31.96
20.09
13.25
23.40
15.25
19.99
32.60
21.86
13 50
24.21
13.60
21.40
31.94
21.85
13.65
23.40
14.66
22.21
30.70
20.80
12.18
25.00
'26^66
32.50
22.50
22.80
15.42
21.13
33.50
21.25
13.50
24.90
18.02
22.25
32.35
22.00
13.14
24.50
14.57
22.55
29.00
19.67
22.67
34 '.66
23.50
12 50
24.00
14.36
17.67
33.20
23.20
12 80
2
3
4
5
6
7
s
19 83
22.40
20.25
18 67
23 20
21 45
20 50
20 50
21 21
g
9
19 64
19 23
21 50
19 01
19 12
19 85
20 00
g
10
22 50
23 00
25 00
10
11
14 00
15 50
15 17
11
12
12 85
11 69
14 50
14 71
12 20
16 20
12
13
13
14
14
15
15
16
17 00
16
17
15 00
17
18
19
20
21
22
38.15
25.86
13.06
8.58
14 65
38.27
26.11
13.10
8 02
14 08
38.84
27.10
12.56
7.50
37.82
25.29
11.91
6.67
17 74
37.17
24.83
12.68
38.00
26.25
13.88
10.00
40.15
27.15
14.19
9.60
17 50
36.88
24.69
13.00
10.00
19 94
i2'.67'
7.17
40.33
i2'.33'
14 83
40.50
29.75
11.88
6.75
39.23
29.61
12.65
7.26
15 66
18
19
20
21
22
23
24
24.00
45 00
47 50
27.00
41 50
27.50
49 00
23
24
25
17 00
18 50
19 50
19 00
25
26
13 00
14 00
12 50
11 50
26
27
21 75
18 05
27
28
29
28
29
30
30
31
31
32
32
33
33
34
34
35
35
36
36
37
37
38
38
39
39
40
40
41
15 50
41
42
15 17
16 50
13 67
42
43
26 25
26 50
26 25
32 33
27 50
43
44
15 75
16 27
16 25
18 67
17 00
44
45
17 25
17 92
16 13
18 00
17 00
45
46
12 06
12 03
12 31
14 25
13 50
46
47
9.06
10 12
9 63
9 22
47
48
49
12.20
14.88
49 00
14.09
44 50
12.25
42 85
46 75
12.38
53 33
50 75
12.35
49 75
48
49
50
30 00
27 00
25 87
33 12
35 00
29 37
30 10
50
51
14 83
12 50
13 64
20 80
17 50
15 14
17 75
51
52
23 33
23 00
23 35
21 00
23 00
23 42
52
53
23 04
25 50
.......
28 33
53
54
15 07
17 50
19 00
54
55
17 67
12 75
13 52
15 50
18 17
16 17
55
56
*******
56
57
57
58
58
59
16 23
16 01
16 33
15 02
15 50
59
60
61
62
63
37.52
23.44
13.12
7 69
38.58
25.24
13.38
7.64
39.66
25.27
13.78
8 08
37.69
24.06
12.00
7 28
39.47
25.48
14.75
7 39
40.32
25.00
14.86
8 64
40.79
26.11
14.94
9 40
39.06
25.73
15.19
9.77
38.50
25.10
14.33
39.50
28.25
13.63
8.33
38.17
27.50
14.00
7.75
38.72
26.57
13.85
7.95
60
61
62
63
64
65
66
67
18.70
48.11
28.80
15 57
18.78
50.77
32.21
15 58
21.14
56.05
33.62
17 60
21.83
51.09
30.73
15 41
19.49
18.67
47.40
28.60
16 40
22.65
54.77
34.65
17 95
22.81
51.40
31.80
17 30
18.43
'so'.oo'
19.00
17.71
56.11
64
65
66
67
68
28 68
30 31
33 00
68
69
63 86
66 73
73 65
63 69
67 77
70 40
71 14
70 78
72.48
69
70
38 23
39 53
40 85
37 56
42 28
42 9
42 60
45 00
1 1 T'
70
71
21 50
18 27
'ii 27
18 53
23 05
21 60
22 36
21 00
23.09
71
72
34 67
37 20
39 00
42 00
36 33
38 00
7"
73
74
75
76
77
17 fin
35.32
26.55
28 9^
47.62
35.91
27.102
16.:*2
''8 04
48.32
36.87
27.8]
15.79
27 82
46.66
84.4]
25.78
14.17
>- (;)
49.36
37.25
30.41
29 50
51.21
37.33
30.14
18.50
28 88
49.82
37.25
30.21
17.77
31 67
47.25
36.50
!".. 12
17.19
26 18
48.08
34.67
28.75
50.67
35 . 3S
30.33
17.33
51.50
37.00
29.76
17.1-'
47.64
34.66
16.61
7:;
74
75
76
77
78
7s
79
1
79
80
20
