Line Numbers Refer to Grades Listed on Page 16.
WEST VIRGINIA
OHIO
INDIANA
<s
a
.a
1
<u
c
J3
>
>>
cS
s
a
<
I
bb
3
<!
j>,
3
>->
d
a
Q
o
Z
d
S
.a
i
<u
c
3
i >
>>
nS
S
u
O.
<
4*
1
bC
3
<
j*
13
i i
g
Q
i
$
rt
S
.Q
<U
h
d
A
a
c
3
i >
>>
tS
s
a
<
a
$
W)
3
>>
>>
o
Q
I
tj
O
1
2
3
4
5
6
7
8
9
10
11
12
13
14
15
16
17
18
19
20
21
22
23
24
25
26
27
28
29
30
31
32
33
34
35
36
37
38
39
40
41
42
43
44
45
46
47
48
49
50
51
52
53
54
55
56
57
58
59
60
61
62
63
64
65
66
67
68
69
70
71
72
73
74
75
76
77
78
79
80
41.33
27.86
24^83
35.50
15.33
17.00
22 '.66
19.50
30.66
20.02
11.60
16. 16
41.71
30.08
13.96
9.28
15.00
42.14
27.86
17.67
21.62
35.00
24.25
15.50
22.71
19.19
20.00
13.50
11.75
30.50
20.25
10.00
16.92
16.43
42.45
31.00
13.69
8.77
15.88
43.31
27.20
21.94
36.03
25.22
17.23
23.34
18.40
42.80
28.46
19.21
22.80
35.75
25.14
14.79
22.77
19.99
44.56
29.21
36.66
17.50
'22'.i6'
43.86
28.88
16.50
26.50
31.67
20.00
17.00
20.67
20.50
42.63
29.57
19.25
30.00
22.67
15.67
23.13
21.50
41.69
28.00
21.27
24.12
29.14
22.00
14.80
20.57
21.45
24.75
18.57
16.75
40.21
25.39
'24'.25'
32.10
22.38
15.86.
'23'.i7'
20.75
'ie'.oo'
38.81
25.80
18.58
25.00
32.25
22.25
14.60
21.00
22.50
19.92
17.50
17.42
41.67
24.50
17.85
25 . 75
32.21
22.86
14.00
22.00
2i'.33'
17.83
15.62
40.64
25.07
18.18
28.57
31.50
22.07
15.40
25.33
21.79
23.00
16.13
17.35
1
2
3
-i
5
6
7
8
9
10
11
12
13
14
15
16
17
18
19
20
21
22
23
24
25
26
27
28
29
30
31
32
33
34
35
36
37
38
39
40
41
42
43
44
45
46
47
48
49
50
51
52
53
54
55
56
57
58
59
60
61
62
63
64
65
66
67
68
69
70
71
72
73
74
75
76
77
78
79
80
ii'.sg'
33.94
22.76
11.02
17.37
15.60
42.91
31.70
13.87
9.02
14.72
'ii'.65
35.33
22.00
13.25
18.23
15.71
41.62
31.10
13.15
8.13
14.72
'i7'.i7'
i5'.80'
is'.go'
41.25
28.50
17.33
41.20
24.67
15.00
37.63
26.33
18.83
10.75
41.33
28.00
17.60
i 7 66
40.00
26.50
16.25
43.00
29.00
18.50
40.00
26.33
16.13
39.80
26.30
17.50
11.25
31.00
50.67
21.00
29.32
45.00
21.65
15.50
30.80
44.00
20.83
13.75
18.50
i9.67
18.00
18.00
23.50
25.75
18.00
16.63
18.60
21.33
16.33
17.90
'22.33'
i9.22
24.50
17 66
'22'.96'
16.56
17.50
21.92
16.96
19.22
22.50
27.33
17.33
19.00
'is'.eo'
20.00
13 67
10.00
16.67
48.47
28.90
'30 '.66
'22 '.46
14.50
18.75
42.11
26.78
16.48
11.63
26.50
53.69
33.92
18.70
"73". 66
43.32
23.06
15.83
45.33
29.87
16.63
25.55
26.40'
18.88
18.00
20.33
12.00
18.00
15.50
42.03
27.12
16.87
11.79
28.75
51.95
32.61
18.17
'73 '.28
44.90
23.72
25.00
49.42
35.78
28.92
18.96
'49 '.19
29.04
16.80
28.70
26.77
18.50
'l7',7i
'ii'.52
26.78
17.66
10.44
28.71
54.92
34.31
18.85
'71 '.09
43.16
22.64
49.38
29.75
17.63
29.11
28.39
18.91
18.71
23.50
14.83
19.33
17.43
40.17
26.21
16.50
11.44
27.50
54.79
34.42
19.43
'70.24
41.73
22.53
49.72
28.20
'26 '.i3"
46.67
29.00
'23 '.66
25.33
'i6'.50
49.85
30.67
20.33
25.33
26.25
18.60
16.33
49.13
29.92
19.18
25.46
28.00
20.45
18.05
26.15
17.25
18.88
16.82
41.73
29.79
19.26
13.54
22.67
58.00
36.32
21.17
'69 '.59
46.54
23.79
'26 '.66'
'26 '.25
23.20
15.20
13.15
15.50
7.69
15.10
13.50
44.00
30.63
16.27
8.78
19.79
51.67
34.67
18.17
'20'.65'
23.75
16.65
14.35
18.75
8.25
15.40
13.87
45.45
32.09
17.66
9.32
20.17
47.68
34.95
19.48
20.46
25.00
17.80
15.10
24.00
'is'.oo'
7.13
13.86
13.38
40.54
29.41
16.05
9.06
'is'.oo'
33.00
22.75
16.67
15.00
13.64
43.90
31.14
17.22
8.07
20.70
59.00
36.50
20.50
'ii'.oo'
43.23
29.08
17.79
11.38
'i6'.67
37.89
29.75
16.50
'is '.56
41.15
28.35
18.11
12.30
22.42
24.20
54.33
30.33
20.00
69.40
46.00
24.33
'oi'.56
37.88
33.65
71.20
43.20
22.30
39.00
53.09
38.71
33.55
20.86
26.75
72.60
43.35
23.30
70.75
44.37
25.00
35 23
71.38
43.06
26.30
67.50
48.00
25.50
71.06
45.19
26.25
51.25
37.89
33.50
21.29
50.98
37.50
31.82
21.00
25.02
51.60
41.50
32.38
47.50
37.50
28.33
'28.17
50.81
39.00
33.00
21.28
48.36
38.00
29.77
21.10
26.80
48.10
38.17
29.08
50.37
38.66
27.07
17.41
27.50
50.39
36.00
29.44
18.23
29.43
21
