Line Numbers Refer to Grades Listed on Page 16.
ILLINOIS
MICHIGAN
WISCONSIN
h
rt
^
fi
&
c
a
'>
j
c
3
i i
>>
a
a
C<
a
<
I
ab
p
<
8
q
>
o
2
1
rt
jEj
JS
^
c
rt
)
o
c
3
> i
rt
S
<
5T
a)
si
3
<
>1
"5
! 1
ci
jj
4->
O
u
a
~.
.Q
a>
fe
1
i
3
> >
>i
rt
S
&
<
1
S
<J
"B
KJ
o
Q
>
o
2
1
1
>
r>
i
A
6
7
8
9
10
11
12
13
14
15
16
17
18
19
20
21
22
23
24
25
26
29
30
31
32
33
34
35
36
38
39
10
41
12
43
1 1
45
46
17
is
49 .
:,o
:1
52
53
54
55
56
57
58
59
60
61
62
63
64
65
66
67
68
69
70
71
72
73
74
78
76
77
7s
79
80
35 . 50
23iOO
39.67
27.07
38.24
24.57
37.50
24.50
36.67
26.67
22,99
35.10
25.89
17.56
24'.17
24.25
17.50
13.43
33.18
21.82
13.80
18.65
38.75
27.40
26.58
23.37
36.07
26.21
17.85
25.47
23.40
21.63
16.88
13.46
31.94
20.56
12.50
21.12
1 7 . 52
25 . .'. 1
21.91
36.00
26.00
16.43
25.60
21.42
i3. 43
32 . 90
20.20
12.70
20.52
17.94
39.00
28.67
21.17
20.46
36.30
25.40
16.92
24.71
19.51
23.67
18.00
13.31
34.57
21.35
13.10
21.34
18.20
36 . 43
27.00
2i'.55'
35.88
25.19
14.91
'22'.95'
37.20
25.25
24.21
21.19
35.86
24.23
14.42
22.85
22.61
35.33
22 . 7.-.
23 . 1 7
1 s . .->.-)
33.71
23.53
13.57
23.97
20.30
35.80
2117
22.13
1 7 . 6;-!
33.18
22.! 12
1 1 . 32
21 .01
19.93
1
2
3
4
5
6
7
8
9
10
11
12
13
14
15
16
17
18
19
20
21
22
23
21
25
26
27
28
30
31
32
34
35
36
37
38
39
40
41
42
43
11
45
46
47
48
49
50
:,1
52
53
54
55
56
57
58
59
60
61
62
63
64
65
66
67
68
69
70
71
72
73
71
75
76
77
78
79
'32'.57'
18.04
10.93
'17'. 94'
10.50
33.67
19.50
11.09
19.74
17.04
13.12
33.94
19.28
10.75
20.43
16.83
13.67
33.18
19.22
11.64
19.95
17.04
15 '.00
.:::::
25^50
'28'.40'
23.67
28.33
25.00
20.89
'29'.33'
22.64
28.35
23.53
20.42
'29'.20'
32.33
22.17
34.00
25.67
26.04
22.64
26.50
24.03
17.57
33.33
26.00
23.73
22.00
24.00
19.18
16.57
23. l()
22.66
19.57
23.20
18.80
15.54
27.00
23.98
18.68
25.00
i7.50
15.00
22.36
.......
2 i '. 79
16.69
15.00
"l '.46'
15.36
1 1 33
45.70
33 . 73
22.05
10.32
24 '.is'
Hi. 22
15.81
'l. 62'
15.31
15.50
45.00
32.07
20.91
9.10
24 . 18
16.31
14.13
18.67
7.98
15.57
13.31
i:; l i
32.; SO
19,19
'.i 01
25.50
17.13
3l'.67
'22.88'
9.18
20.78
18.50
'26'.87'
20.08
17.58
'27'.4i'
21.13
17.82
25 .00
9.92
16.13
14.92
28.00
21.22
18.12
23.00
9.10
18.14
15.50
42.50
29.50
20.00
'2o'.86'
20.00
7.85
15.80
13.00
45.14
33.57
20.88
9.45
8.50
16 ,92
14.28
37.50
22.40
4J .00
39.66
26.50
14.25
19.36'
38 . 50
24.00
14.00
8.33
19.33
20'.43
73.50
22
