Line Numbers Refer to Grades Listed on Page 16.
PENNSYLVANIA
NEW YORK
CONNECTICUT
03
Z
1
4
d
G
3
Hi
1
<
I
$
<
j?
'B
i >
%
Q
o
i
U4
a
m
,0
&
G'
rt
i i
o3
C
3
1 1
1
1-i
a
<
&
<o
O5
M
3
<
>>
^
u
Q
>
o
O
rt
S
,0
s
d
C
3
>>
rt
i4
a
<5
o.
i
<
>>
a
i
i
i
1
2
3
4
5
6
7
8
9
10
11
12
13
14
15
16
17
18
19
20
21
22
23
24
25
26
27
28
29
30
31
32
33
34
35
36
37
38
39
40
41
42
43
44
45
46
47
48
49
50
51
52
53
54
55
56
57
58
59
60
61
62
63
64
65
66
67
68
69
70
71
72
73
74
75
76
77
78
79
80
44.67
27.67
28.67
23.67
43.00
31.00
19.78
30.62
36.66
25.35
20.75
23.55
23 '.i6'
25'.33'
48.25
31.67
19.33
22 .40
40.00
26.75
19 50
45.25
:w.-2'2
39.31
29.60
21.30
22.69
31.40
25.50
18.10
26 '.66'
26 '.is'
37.50
22 '.50'
23. 33'
i
2
3
4
5
6
7
8
9
10
11
12
13
14
15
16
17
18
19
20
21
22
23
24
25
26
27
28
29
30
31
32
33
34
35
36
37
38
39
40
41
42
43
44
45
46
47
48
49
50
51
52
53
54
55
56
57
58
59
60
61
62
63
64
65
66
67
68
69
70
71
72
73
74
75
76
77
78
79
80
21.00
20.60
24.00
is '.57'
22 A5
i4'.ei
33.00
21.67
14.06
23.67
21.80
23.50
16.50
13.65
34.17
22.50
13.00
22 30
23.00
25.30
21.54
22 40
20.05
16.17
14 '.66'
is '.79'
32.07
20.00
14 '.75'
16.00
15 09
30.75
22.00
32.06
22.41
13 00
20.00
19.23
38.67
29.50
16.50
16 '.33'
ie".5o'
i4'.75'
17.00
37.00
27.00
16.30
17.67
34.50
26.27
15.90
11 58
18.39
17.25
46.00
33.67
15.67
21.67
28 '.66'
15.38
14 00
33.75
22.65
15.50
16.33
16.95
15.64
16.25
19.00
18.50
19.85
18.09
18.60
17.97
23.17
26 66
19.20
22.38
19.75
42.57
31 60
21.67
24 38
'2i '.38
'23'.33'
'23 '.66
23.66
21.50
23 '.50
'il'.ii'
'46'.50'
29.50
16.00
9.50
22.38
28.10
19.75
15.17
'is '.75
25.25
19.28
16.33
24.61
18.50
13.00
15.16
37.80
27.50
18.00
10.75
20.98
21.75
23.67
20 .00
17.00
24.50
24.80
19 50
20.38
18.02
19 .50
20.00
18.00
15.50
42.00
15 '.75
'i7'.67
'ie'.57'
'ie'.so
'ie'.83
'is'. 35
'i2'.66
14.08
'14 '.66
'2i '.96
35 '.55
26.65
17.10
7.65
21.19
23.60
22.75
24.44
21.67
20.79
21.28
20.75
.. ;...
73.50
48 00
22 54
23
