Line Numbers Refer to Grades Listed on Page 16.
IM
ASSAC1
SUSET
rs
N]
EWHA1
tfPSHII
IE
VEEJ
ffONT
jj
i
i
1
tt
>>
a
l_4
a
<
.w
a
bo
3
<J
"3
>
y
Q
|
"u
O
1 !
.a
a
3
*
|4
a
<
tx
<u
</)
fcb
p
<
>i
S v
d
Q
|
1
1
ft
d
oj
>->
cJ
c
3
> >
>i
rt
a
<
a
ob
3
<5
j*
"3
i)
o
o
P
1
*j
o
O
1
30 00
28 00
1
2
23 50
>
3
18 25
16 40
3
4
19 90
22 25
20 33
23 33
22 33
22 50
19.00
18 00
17 27
4
5
25 60
31 00
30 00
5
6
21.50
24.67
6
17.34
16 50
7
8
20 67
18 14
8
9
19.75
18.75
21.67
17.00
19.00
9
10
17 50
10
11
16 00
11
12
11.88
13.75
12.81
14 40
14.00
15 00
15.32
15 40
16 21
15 65
12
13
24 33
28 33
31 00
25 36
13
14
22 00
21 00
14
15
17 33
16 50
14 00
15
16
18 00
16
17
15 17
15 88
15 14
15 80
16 33
15 20
16 80
17 85
16 00
19 00
17 32
17
18
18
19
19
20
20
21
21
22
19 33
18 50
18 80
17 50
18 00
18 33
22
23
23
24
24
25
25
26
26
27
27
28
28
29
29
30
30
31
31
32
32
33
33
34
34
35
35
36
36
37
37
38
38
39
15.67
39
40
40
41
41
42
18 67
15.83
42
43
43
44
44
45
45
46
46
47
47
48
48
49
49
50
50
51
51
52
52
53
27.50
25.14
53
54
17 17
19.32
54
55
14 80
15 75
16 50
13 75
18 30
18 17
21 17
17 01
55
56
24 00
56
57
57
58
58
59
15 83
18.40
13 00
14 33
12 00
59
60
60
61
61
62
62
63
63
64
20 68
24 00
21 33
21 17
19 00
21 67
19 33
22 50
21 50
64
65
65
66
66
67
67
68
68
69
69
70
70
71
71
72
72
73
7:i
74
74
75
75
76
76
77
77
78
78
79
79
80
80
24
