California Oregon
Washington
Idaho
Montana Colora
do
1
2
3
4
5
6
7
8
9
10
11
12
13
14
15
16
17
18
19
20
21
22
23
24
25
26
27
28
29
30
31
32
33
34
35
36
37
38
39
40
41
42
43
44
45
46
47
48
49
50
51
52
53
54
55
66
57
58
59
60
61
62
63
64
65
66
67
68
17 7o
17.49
15.75
2.58
2.01
1.60
' ' 24 i 74 "
21.68
14.26
21.56
16.79
8.50
12.57
9.52
9.17
1.26
11.35
7.82
1
2
3
4
5
6
7
8
28 '.47 '
24.70
16.20
22.37
19.71
9
.... 10
11
12
13
9.93
16 60
.... 10.40
9 85
14
15
1 47
16
17
11 52
9.31
12.25
18
'
19
20
21
22
x
21^00
7.40
8.47
15.75
10.28
10.75
23
24
25
26
27
28
26 68
' ' 12:66"!"
23.81
15.78
11.69
1 Rfi
29
30
31
32
33
34
35
36
37
38
39
40
41
42
43
11.75
12.87
' '34'.66
28.00
23.58
22.38
18.17
15.17
36.10
44.87
30.90
23.50
21.08
24.38
17.90
14.50
11.25
3.01
16.38
43.95 43.61
. 36.08
44.52
38.94
33.45
22.25
20.17
25.17
18.67
13.80
10.37
2.96
37.40 44
40.64 45
30.82 46
23.69 26.25 47
19.58 48
23.88 49
18 88 5O
29.67 25.75
20.62 18.08
. 14.42
. . 11 75
15.85 12.5
12.67 14.2
3.28 3.8
16.16 13.7
51
5 52
5 53
54
55
56
23.08
18 92
10.67
>..
57
58
7.42
11.12
59
1.50
60
1.03
13.92
.... 18 50
61
62
18.25
32.75
30.67
17.50
9.67
15.50
63
64
28.75
65
18.65
66
.... 11 72
67
68
1
