1
M
H
Arkansas
Louisiana
'&
a
I
.8 8
3 1
d
.5 a c 1 " -
60 43 U3 ^^ g -S
c 11 [ IS- j . J 1 1 ^
1
1
2
2
3
. 3
4
x
4
5
5
6
6
7
12 75 15 00 7
8
13 68 12 87 8
g
12 87 9
10
10
11
11
12
12
13
13
14
14
15
19 20 20 07 15
16
15 08 14.98 . ! 14.83 16
17
10 63 11 15 12 05 17
18
11 38 11 96 11 25 18
19
22 55 22 77 22 41 19
20
21 46 19 67 20 33 20
21
10 06 10 14 10 57 21
22
13 45 13 38 13 12 22
23
23
24
24
25
50 50 25
26
25 00 26
27
27
28
23 50 28
29
29
30
30
31
31
32
32
33
33
34
19 80 1 19 20 34
35
28.25
27.83
28. i6
28.75
28.20 .
. . . ; '....'.'.'.'.'.'.'.'.'...'... 35
36
37
10.43
10.33
10.83
11.41
10.09
10.50
9.50
10.44
9.12 9 . 25
10.49
36
37
38
18.59
19.20
18.24
17.91
18.18
38
39
40
41
23.21
12.03
14.73
24.91
13.19
14.83
22.82
12.05
14.18
21.36
12.02
15 03
20.73 23.00
12.17 13.75
15 31 14 75
:::::::
39
40
41
42
43
11.95
12.94
12.09
13.46
11.50
12.56
11.39
12 34
12.35 13.00
12 86 14 10
42
43
44
12.20
13.93
12.38
11.34
12.13
44
45
18.70
19.20
18.39
20 40
19 50
45
46
15.83
14.72
14.30
15.08
15.25
46
47
1.48
1.93
1.84
1.78
1 62
47
48
13.64
14.50
13.72
13.57
13.41 11.38
48
49
21 35
49
50
44 00 50
51
28 75 51
52
38 16 52
53
28 00 53
54
19 50
18 00 54
55
17 38
17 25 55
56
12. 70
11 88 56
57
11 44
11 80 14 63 57
58
11 50
13 30 14 91 58
59
15 00
16 60 16 69 59
60
19 25
19 50 20 82 60
61
22 00
22 60 24 21 61
62
13 52
13 17 15 83 62
63
63
64
64
65
65
66
66
67
67
68
68
69
69
70
70
71
71
72
72
73
74
74
75
75
76
76
77
77
78
78
79
79
80
80
