1 1 I
1 1| s .
I ! i
i .11 1
| | | ,.
1 1 i 3 1 i*
Michigan
1 17 50
18.10 .
. 15 15
15 17 1
2 20 50
18 21
17 39
L6 30 2
3 . 17.62
17.43
16.21
L6 15 3
4 19 75
18 00
14 88
L5 36 4
5 3 50
3 53
3 33
3 46 5
6 17 75
17.72
12 37
12 16 6
7 15.80
7
8 14.04
8
9 16 02
19 25
18 00
9
10 14.88
11 11 38
16.75 16.33
'is' 50
10
11
12 14 81
15 33
12
13 6 33
9 33
13
14 14 83 16 62
17 03
is 12 17 47 16 54
14
15 ... 21 87
15
16 18 75
16
17 15 75
17
18 13 20
18
19 25 50
19
20
20
21 13 25 .
21
22 14 25
22
23
57.73 57.15 .
23
24 ...
46 83 ! 48 58
24
25
47 95 49 37
25
26
27 35 26 43
26
27 .
25.84 25.99 .
27 ,
28
. ! 23 81 25 24 .
28 51 28
29
. 22 . 50 .
21.67 20.60 21.26 ,
23 . 30 29
30
21 00
18 87 13 19 12 61
L3 16 30
31 ...
26 88 26 86
29 13 : 31
32
3 96 3 87
4 15 32
33
. 3 47 3 48
3 66 33
34 18 81 25 22
23 11 15 90 18 60
i7 50 19 15 18 08 19 20 20 51
21 13 34
35
35
36
36
37
37
38
38
39
39
40
40
41
41
42
42
43
43
44
44
45
45
46
46
47
47
48
48
49
49
50
50
51
51
52 ....
52
53 ..
53
54
54
55
55
56
56
57
57
58
58
59
.
59
60
1
60
61
61
62
62
63
64
19.50
22.00
18.50
21.75
63
64
66
66
18.88
16 33
19 . 50
16 50
65
66
67
17 67
19 50
67
68
3 19
3 16
68
69
17 67 16 13
17 28 18 20
69
70
18 75 '
70
71
28 00 29 00
71
72
18 60 17 75
72
73
16 50 13 50
73
74
11 20
9
74
75
18 19
75
76 17.63
76
77 20.25 .
77
78 21.75 ..
78
79 14.30
14 00
79
80 17.75
' i
; so
