Arkansas
Louisiana
Mississippi
Alabama
Missouri
a
*
d
i
is
h
South
Carolina
North
Carolina
Tennessee
Kentucky
Virginia
1}
1
34 12
35 07
35 60
36 17
36 50
39 31
38 00
35 85
37.20
38 00
41.41
1
2
3
19.23
10 78
19.43
10 00
20.80
11.50
23.83
21.00
15 00
23.80
13 00
26.00
23.32
11 75
24.25
15.00
24.00
12.68
27.92
21 53
2
3
4
21 13
22 54
8l 67
23 61
4
5
33 00
31.04
31.67
:::::::
35.75
5
6
23 00
21 23
21.00
25 25
6
7
12 50
12 95
12.67
16.00
7
g
21 00
20 75
20.51
19 67
22 51
g
9
18 66
19 80
17 50
19 00
q
10
10
11
11
12
13.33
11.36
12
13
31 25
13
14
21 00
14
15
10 88
15
16
18.09
16
17
15 63
17
18
41 25
38.61
39.38
41.33
43.13
18
19
29 75
26 36
29.30
29 33
31 26
19
20
11 70
11.93
11.87
11.50
13.00
20
21
7 50
6 75
7.33
6 67
8 04
21
22
19.34
19.25
15.50
15.08
22
23
24.00
24.38
25.00
24 00
23
24
46.01
45.50
48.00
47.50
24
25
17.37
15.88
17.50
19 00
25
26
27
12.69
16.00
11.13
21.00
13.07
15.00
26
27
28
29
32.46
28.94
34.81
30.38
33.00
29.20
32.25
29.75
33.25
30.25
36. ii
31 29
34.75
31 25
35.53
30 12
28
29
30
31
19.15
12 96
18.46
14 94
18.80
13 13
18.17
14 10
18.50
20.93
16 14
22.00
15 50
19.46
14 58
30
31
32
33
9.62
18 76
8.11
21 22
8.10
10.80
11.07
22 17
12.75
ig 83
8.74
32
33
34
3 41
3 37
4 12
34
35
2.41
2 59
00
35
36
36
37
37
38
38
39
39
40
40
41
14.00
15.00
41
42
15 50
42
43
28.80
29.00
. .
27.00
27.50
29.80
26.13
43
44
45
16.97
15 46
17.83
15 83
17.25
15 67
17.50
17 00
17.40
16 80
16 37
18.50
16 50
44
45
46
11 11
11 00
11 72
12 50
12 60
11 87
13 00
46
47
8.00
7.75
8.50
9.70
9.50
11.25
47
48
11.97
11.42
11.78
48
49
43 83
44 85
45 17
46 88
49
50
23.67
22.14
27.00
27 67
50
51
11 50
13 50
11 50
51
52
26.75
18 00
22 11
52
53
26 14
53
54
17 29
54
55
16.40
14.61
55
56
22 10
56
57
6.00
7.66
57
58
15.50
15 75
58
59
14 50
14 50
15 00
15 00
59
60
61
38.17
21 16
38.25
21 19
38.74
21 38
38.12
24 33
38.10
22 67
41.25
24 25
39.50
26 83
37.46
24 28
39.38
25 13
39.67
28 50
42.79
30 73
60
61
62
63
11.37
5 75
10.50
5 60
10.89
4.33
11.67
8 03
11.67
6 80
13.25
14.08
7 07
13.10
6 77
14.57
7 75
12.60
6 80
17.13
8 23
62
63
64
20.43
19.26
22.35
13.98
17 67
20 39
18.37
16 48
21 91
64
65
48 56
46 17
50 17
50 10
52 41
51 38
49 50
65
66
28.22
27.32
29.50
29.46
31 68
32.75
33 50
66
67
15 29
14 83
15 08
15 12
17 09
18 88
18 12
67
68
25.00
30.50
28 33
28.50
68
69
67 06
66 50
67 29
71 67
62 71
67 30
74 50
69
70
38.03
38.83
37.29
40.08
38 42
41.33
45 33
70
71
20 67
19.67
17 14
19 51
18 56
22 25
23 33
71
72
41 10
34 50
72
73
47 50
48 33
51 40
49 03
47 23
48 08 i
51 25
73
74
35 67
32 25
36 60
35 97
35 80
36 00 1
38 15
74
75
25 00
25 83
29 50
27 00
27 92
27 46 i
34 20
75
76
14 17
14 17
16 00
15 84
16 82
17 04
20 43
76
77
27 20
28 33
27 56
25 84
26 90
77
78
18 57
78
79
13.51
12.14
79
80
12.60
...
80
11
