1
Indiana
Illinois
Michigan
1 I ' 1 *
{ol;3>l
I
42 20
39 55
35 93 36 75 39 71
9
30 71
25 24
24 06 24 00 29 33 ...
3
5
21.17
25 . 25
31.33
23 75
18.27
24.00
30.82
22 45
:::::::
25.24
20.57
37.11
26 67
22.10 19.00 21.50
18.80 23.88 22.58 22.15 21.20 . 19.42
33.65 32.20 27.50
23 . 09 25 00 ... 20 . 00
7
16 33
15 83
17.73
13.68 19.80
8
9
10
21.25
20.93
21.88
22.00
21 28
25.07
18.53
22 00
22.58 23.00 23.25 20.00
19.80 22.17 22.56 18.00 18.25 . 19.38 .
18.33 20.50
11
19 00
17 08
15 93
. 14 56 16 67
12
13
16.67
15.89
12.91
35 25
13.67 13.58 14.67 14.00 '15.50 15.57 ...
33.84 34 75 25 00
14
20 73
20 10 24 50
15
13 60
11.46 13 00
16
22 77
20 93
17
18 14
17.72 18 80 20.88 15 17 16 03 ie 50 15.78 .
18
37 20
37 56 42 00
27 50
25 . 00 . . . 20 . 00
?n
16 00
. . 16 00 17 00
9 00
12 50
22
17 50
. . 16 50 IS 00 IS 13 18 43
23
24
?5
27
28
29
30
31
33
34
35
36
32.00 .
37
23 . 62
38
25.50
39
18 50
20.33
40
41
1 22 13
16.33
21.21
17.50
23.20'
23.58 !
19.63
42
43
i 17.83
18.57
14.50
17.77
18.32 19.50
44
45
46
!
47
48
49
50 91
46 64
45 00 t
50
28 75
28 87
51
21 66
18 17
52
i 27 40
27 94
. 24 40 21 00
53
54
27.00
20.25
25.93
19.73
28.74
20.95
24.79 22.38 24.56 26.75
17.37 15.42 17.33
55
56
19.00
18 83
18.29
20.42
19.09
14.88 16.80 19.50 20.00 17.50 17.00 17.35
17.83 23 00
57
14.00
7.58
7.69
58
59
60
'ii'.iY
41.34
18.75
18.75
40.51
:::::::
17.84
16.25
38.00
16.18 17.25
14.93 16.75 12.79 13.04 13.14
40.67 36.56
61
62
27.67
19.17
26.07
17.36
24.50
15.06
24.50
30.39 25.78
19.38 19.36
63
11 33
12 78
10 33
9.05 10 40
64
22 17
23.00
19.67
24.50 20.43 23.66 21 50 21 14 20 37 19 53
65
55 00
51 00
66
32 33
33.44
67
20 17
19 36
68
17.67
69
73 29
70 65
70
42 92
41 61
71
25 50
23.79
72
73
4<) 00
50 11
74
37.52
37 . 53
75
29 55
28 71
76
21 52
17.58
77
25 10
27 14
78
79
80
1
2
3
4
5
6
7
8
9
10
11
12
13
14
15
16
17
18
19
20
21
22
23
24
25
26
27
28
29
30
31
32
33
34
35
36
37
38
39
40
41
42
43
44
45
46
47
48
49
50
51
52
53
54
55
56
57
58
59
60
61
62
63
64
65
66
67
68
69
70
71
72
73
74
75
76
77
78
79
80
13
