California
Oregon
Washington
Idaho
Montana
Colorado
1
16 87
1
2
13 96
2
3
2 45
3
4
1 85
4
5
1 51
6
16 00
13 16
6
7
26 85
24 10
8
22.38
20 79
8
9
16 40
13 99
9
10
22.96
20.34
10
11
18 01
15 24
11
12
13 83
9 59
8 33
13 38
12
13
15 42
11 83
13
14
10.29
9.31
14
15
9 17
8 71
15
16
1 70
1 24
16
17
11 31
10 88
15 00
17
18
7 82
11 50
18
19
8 00
19
20
11 50
20
21
22 50
21
22
20 62
22
23
8 00
93
24
8 58
24
25
95
26
11 33
9 08
26
27
21 00
24 47
22 19
27
28
25 99
98
29
21 00
22 06
29
30
10 83
14 72
30
31
9 17
9 42
11 28
31
32
1.75
3?
33
10 12
12 60
33
34
49.50
34
35
32 17
35
36
22 50
36
37
37
38
35 00
38
, 39
26 00
39
40
25 33
40
41
21 46
41
42
16 29
42
43
17 30
43
44
34 75
37 72
44
j 45
43.56
45 50
42 35
45
46
37 67
30 75
27 60
33 71
46
47
48
24.75
21 53
22.00
21.12
19 00
23.50
20 03
23.60
19 95
47
48
49
26 17
25 25
24 90
23 58
49
50
51
52
1 53
19 41
13.18
14.00
2 27
17.50
14.50
11.87
17.10
13.86
9.58
2 74
16.88
13.90
10.29
2 88
18.94
15.60
3 66
" 13 .'17"
14.00
3 53
50
51
52
53
54
12 58
13 85
15 58
13 73
54
55
26 03
55
56
20 64
56
57
12 96
57
58
10 13
58
59
11.33
59
60
1 50
60
61
.96
61
62
17 38
62
i 63
17 13
18 87
63
64
31 00
29 60
64
65
29 33
65
66
19 25
16 62
66
67
12 00
9 50
67
68
13 85
68
