. %
I?
Arkansas
Louisiana
Mississippi
c
<5
Missouri
5
I
Georgia
South
Carolina
North
Carolina
Tennessee
Kentucky
.2
'c
'5i
u
>
j
1 1
>
;j
4
4
6
7
12.87
15.50
8
9
13.84
13.93
9 '
10
11
12
11 ,
12
13
13
11.31
14
15
18.75
20.17
21.00
15 J
ifi
15 00
15.80
Hi !
17
12.17
12.06
12.50
17
10
11.08
12.20
11.60
IS
19
23.05
19
20
22.10
18.92
24.78
20
21
11.12
10.25
11.78
21
22
13.25
13.21
13.00
22
OQ
62.00
*>'}
24
55.00
24
Oc
25
26
26
27
27
28
23.50
28
29
20.00
229
30
30
31
19.00
31
32
3.37
:52
33
3.00
33
34
18.00
17.50
34
on
28 61
27 92
28 75
28 35
.'}.">
36
16 06
11 33
11 00
10 33
10 10
36
07
10 75
11 65
11 27
11 69
11 14
38
18 39
19 22
18 75
18 74
18 08
20 50
38
on
23 63
24 85
23 29
22 45
21 36
21 00
39
40
12 19
12 50
12 34
12 29
12 19
14 50
40
41
14 19
14 85
14 73
15 63
15 58
14 00
41
42
12 34
12 56
12 08
12 14
12 04
12 63
42
43
12 66
13 39
12 99
12 93
12 90
43
44
12 75
14 21
12 72
12 15
11 50
44
45
17 58
18 39
19 00
19 50
18 75
45
46
14 92
14 18
14 78
16 07
14 87
46
47
2 06
1 90
1 98
2 12
47
48
13 83
14 51
14 37
14 42
14 10
11 21
48
49
20 78
19 00
49
50
39.83
39 50
50
51
27 83
27 41
51
52
38 00
53
.......
28 00
53
54
18.42
18.75
20.00
54
55
56
16.90
11 93
16.67
11 93
56
57
11 70
12 95
13 50
CO
13 25
14 50
14 00
58
59
15 75
16 88
15 50
59
60
18 00
20 70
60
61
21 33
23 50
61
62
14 51
12 98
62
63
....
63
64
64
65
65
66
66
67
67
68
68
69
69
70
70
71
71
72
72
73
73
74
74
75
75
76
76
77
77
78
78
79
79
80
80
