I!
Maryland
Pennsylvania
New York
New
Hampshire
M
>
|
Massachusetts
Connecticut
Minnesota
Wisconsin
Michigan
I
18 00
18 38
15 99
15 30
1
2
18 61
17.21
16 59
2
3
16 50
17 50
16 54
15 86
3
4
17 75
15.84
16 05
4
5
3 68
3 77
3 31
3 44
5
6
18 00
16 70
12 75
12 33
g
7
15 25
18 75
is 66
7
g
14 92
19 75
g
g
16 25
21 25
g
10
15 38
19 50
17 60
16 80
16 60
10
11
I 1 36
14 25
14 40
11
12
14 79
16 75
16 67
14 83
12
13
6 83
10 75
9 75
13
14
14 08
16 52
17 00
16 22
14 70
15 00
ie 66
14
1 -,
15
16
16
17
15 50
17
18
18
19
19
20
20
21
21
22
12 12
22
23
54 64
56 77
57 00
23
24
46.13
49.00
24
2.5
46 64
51 45
51 80
25
26
24.63
26.58
29.15
26
27
25 55
26 09
26 08
27
28
21 17
23 45
23 92
28 33
28
29
30
23.25
20 75
23.67
/
23.00
19 82
20.00
12 50
20.98
12 45
24.71
13 00
29
30
3]
25.65
26 63
29 67
31
32
3 75
3 79
3 72
3 76
32
33
3 00
3 00
3.32
3 10
3 50
33
34
23 25
23 73
17 50
19 38
19 23
17 25
20 11
18 80
21 25
21 31
34
35
35
36
36
37
37
38
38
39
*
39
40
40
41
41
42
42
43
43
44
44
45
45
46
46
47
47
48
48
49
49
50
50
51
51
52
52
53
53
54
54
55
55
56
56
57
57
58
58
59
59
60
60
61
61
62
62
63
21 00
22 17
18 22
63
64
23 00
25 00
20 96
64
65
20 67
22 50
17 67
65
66
18 33
15 42
66
67
20 67
22 00
16 32
67
68
3 37
2 91
68
69
18 50
18 71
16 42
17 00
69
70
18 00
. .
\
70
71
31 67
26 25
71
72
19 67
18 70
72
73
16.00
12 50
73
74
11 00
74
i .">
17 92
75
76
17.70
76
77
19.50
77
78
20.33
78
79
14.37
79
80
17.32
80
