Arkansas
Louisiana
Mississippi
|
Missouri
a
1
1
South
Carolina
North
Carolina
Tennessee
Kentucky
.2
>
West
Virginia
1
2
37.44
19 96
35.60
19 30
36.29
19 33
35.00
21 50
40.83
23 00
39.50
21 00
39.00
26 50
38.31
24.22
37.21
24.86
38.50
23 50
43.71
28 93
I
2
3
4
10.85
20 56
10.20
10.00
24 00
13.25
20 66
12.00
13.55
15.50
14.40
21.38
17.20
22.00
16.00
21.46
21 30
3
4
5
33 00
30 54
33 00
35 59
5
6
21.75
21.42
21.75
20.00
25 43
6
7
13 25
13 27
12 33
11 33
16 40
7
g
21.50
21.75
20.50
19.87
22 71
8
g
19 33
19 48
20 00
18 17
g
10
21 50
10
11
16 50
11
12
12 90
11 60
12
13
31 42
13
14
21 08
14
15
11 00
15
16
18 58
161
17
16 64
17
18
40 88
37 43
39 93
39 60
42 53
18
19
28 63
25 34
28 03
27 50
30 89
19
20
21
11.83
7 08
11.86
6 75
12.68
7 50
11.00
6 25
13.00
8 45
20
21
22
18 69
17 08
15 75
13 58
23
24 50
22 10
24 79
26 33
25 00
27 75
24
25
47.63
18 23
45.75
15 63
46.50
16 92
49.50
18 17
47.75
18 50
49.50
18 50
26
11 93
11 20
11 92
15 50 '
14 50
12 25
27
20 33
18 60
19 55
14 87
28
32 85
34 90
31 50
35 37
33 37
35 10
35 00
29
29 00
29 91
27 83
30 98
30 37
31 50
31 87
30 50
. .
30
18 63
18 28
17 50
19 57
18 09
20 75
24 25
18 00
31
12 25
14 78
13 50
15 70
14 00
16 67
16 25
13 50
32
8.38
8.19
9.05
11.30
11.75
11.38
33
19.20
21.27
24.08
34
3.45
3.40
4.32
35
2 45
2.68
3 29
36
37
38
39
. .
40
21 08
41
16 14
15 00
42
15.88
15.50
15.00
43
29 00
29 50
29 42
29 50
44
16.66
17.66
19.00
18.20
17 25
45
15.55
16.17
16.33
16.80
16 25
46
11.27
10.33
12.67
13.00
13.00
13 67
47
8 32
6 87
9 17
10 13
10 00
10 42
48
13.41
12.25
12.17
12 87
12 12
49
43 29
44 92
47 58
44 29
50
22 60
28 50
26 86
30 75
51
9.00
11.75
11 00
52
28.00
21 50
23 00
53
23 33
2fi 2^
54
17 33
18 06
55
16 15
15 05
1 K q
56
18.50
24 00
57
5.50
7 25
58
17.50
16 50
59
16 00
16 25
14 33
15 13
60
61
62
63
38.52
21.45
10.96
5 82
39.40
21.33
10.60
39.00
22.00
11.50
5 33
37.56
24.75
11.33
8 51
35.12
22.75
12.33
6 17
41.50
22.75
12.50
'.'.'.'.'.'.'.
38.37
26.67
14.50
7 07
36.15
24.43
12.61
7 18
39.68
26.00
15.41
8 98
37.57
26.13
13.75
7 67
43.28
30.81
17.53
8 43
64
20.82
19.53
14.50
16 67
19 53
19 24
15 71
22 75
65
50.75
48.08
49 50
49 93
53 86
66
29 62
28 66
28 33
30 11
32 14
67
15.09
14.67
15 46
19 67
68
29.33
30.20
69
70
66.51
39.34
68.25
38 00
66.50
36 50
65.83
37 00
70.33
41 50
64.07
37 95
66.75
42 00
71
19.71
19.50
17.33
18.00
21.00
17 98
22 25
72
39.60
35.80
73
47 00
45 25
50 00
47 48
47 89
47 38
50 05
74
35 33
32 50
35 56
37 26
36 40
35 00
QC 4.4.
75
24 50
24 55
28 17
25 98
28 83
27 33
32 00
76
14 00
13 00
15 44
14 87
16 84
15 21
20 81
77
25 80
28 00
28 00
26 25
78
18 83
79
13.20
;
80
13 72
12 25
12 00
....
11
