,
1
Illinois
Michigan
Wisconsin
Pennsylvania
New York
Connecticut
Massachusetts
1
New
Hampshire
J
e
gj
ff
$
1
42 00
40 00
37 53
37 50
46 00
1
2
28 56
25 16
22 84
27 50
31 33
2
3
4
5
6
7
16.50
26.50
31.75
22.66
15.16
19.25
26.86
32.00
22.38
15.83
i;i
25.75
24.26
37.40
24.00
17 00
22.20
18.91
34.03
23.47
13 69
22.00
24.75
23.37
24.11
37.50
26.33
20 00
;*:*;
'22.50
'20'.50'
'20 '.84'
27.75
20.00
'.'.'.'.'.'.'.
3
4
5
6
7
8
21 12
21 38
23 71
22 65
21 75
22 67
19 70
8
9
21 71
22 33
21 23
19 20
23 50
22 00
22 00
18 75
9
10
22.67
21.50
20.00
22.75
18.67
10
11
17 10
17 75
16 67
15 00
11
12
13
16.93
17.63
13.07
33 33
12.88
34 28
15.54
14.50
36 50
14.25
15.32
26 67
12
13
14
19 00
19 52
20 00
26 58
25 00
14
15
12 00
11 50
14 50
15
16
21 85
20 72
16
17
17 27
17 44
20 15
20 00
14 38
16 40
16 33
17 89
17
18
41.17
43 50
18
19
28 56
32 00
19
20
16 25
16.88
18 50
20
21
15 25
21
22
19 75
30 50
17 69
20 50
18 25
17 80
is 66
18 87
22
23
23
24
24
25
25
26
26
27
27
28
28
29
29
30
30
31
31
32
32
33
33
34
.....
34
35
35
36
32 70
36
37
23 80
37
38
23 56
22 44
*
38
39
18.25
19.00
24.00
20.00
22.50
15 83
39
40
20.25
24.44
25 00
40
41
15.67
17.93
24.20
19.77
41
42
20.00
18.86
19 51
17 71
21 50
16 67
42
43
43
44
22.50
....
44
45
20 17
45
46
46
47
10 50
47
48
17.00
48
49
51.25
49.14
51 25
49
50
31.55
26.00
35.67
50
51
20.00
19.75
25 00
51
52
24 95
29 00
30 88
27 50
53
25.63
25.40
28 09
25 43
28 00
26 90
25 00
53
54
18.32
19 44
20 31
17 48
22 71
19 10
55
18.66
19.17
19.08
15 91
17.64
17 39
17 00
18 25
17 11
55
56
21.86
22 75
18 88
21 50
56
57
8.12
7.56
57
58
19 00
17 98
15 68
58
59
17.25
18.44
14.60
14.67
13.00
16 50
12.00
15 00
59
60
43.71
41.32
38 00
44 77
36 33
60
61
28.93
27.10
23.67
31.88
27.43
61
62
20.56
17 92
15 00
22 93
19 50
62
63
13 64
10 67
10 00
10 00
9 22
63
64
25.40
19.23
27.13
21.50
22.88
20.67
20.38
20.00
20.50
64
65
52 00
54 86
65
66
33.00
35.17
66
67
20 00
21 04
67
68
18.38
6S
69
72 50
70 36
69
70
43.20
42.27
70
71
23.25
23 50
71
72
24.12
72
73
52.43
50.21
52.50
74
40 14
38 20
74
75
32.44
31.32
30 50
75
76
20 60
19 33
14 50
76
77
25.00
23 50
20.00
77
78
78
79
79
80
80
13
