WHOLESALE PRICES OF LUMBER.
1
2
3
4
5
6
7
8
9
10
11
12
13
14
15
16
17
18
19
20
21
22
23
24
25
26
27
28
29
30
31
32
33
34
35
36?
37
38
39
40
41
42
43
44
45
46
47
48
49
50
51
52
53
54
55
56
57
58
59
60
61
62
63
64
65
66
67
68
Washington.
1 1
c S
j
Wyoming.
L
s a
o
CQ
California,
Nevada.
1
6
5
New Mexico.
1
2
3
4
5
6
7
8
9
10
11
12
13
14
15
16
17
18
19
20
21
22
23
24
25
26
27
28
29
30
31
32
33
34
35
36
37
38
39
40
41
42
43
44
45
46
47
48
49
50
51
52
53
54
55
56
57
58
59
60
61
62
63
64
6fi
66
67
68
$15. 24
15.00
2.35
1.83
1.42
$17.33
23.27
20.10
12.55
19.28
14.05
7.73
11.54
8.67
8.16
1.23
10.65
7.25
25 85
21. 78
15 61
23 11
17 39
8.96 $11.30
13 83
$14.38
9 22
8 74
1 58
10.97 12.83
8 67
15.00
$13 24
$14 00
9.55 .
23.17
18.33
7.32
7.' 81
9.58
18.66
21.63
25.44
21.75
15.03
11.64
1 94
18 38
16.33
12 12
8.75
1.67
10 38
10. 70
13.97
55 13
33.61
24 66
31.79
37 00
29.25
26 83
23.71
14 87
14.70
14.00
41.92
45.35
34.54
23.50
19.92
26.63
18.63
16.02
13.80
2.74
18.33
33.00
35.40
27.00
20.83
17.62
24.47
16.83
13.33
9.21
2.70
14.38
31.50
36.44 36.33
29.44 28.78
24.50
$39.00
42.58
43 17
35.13
24 00
19.00
20.67
25.55
19 94
24.38, 23.56
16.88 16.00
13. 50 12. 71
11.17 11.25
2.62
27.05
19 18
14.02
15.75
16.67
3.25
11.88
14.63
13.47
15.31
$16. 75
$14.90
14.84
25.85
$20.00
14.86
$12.67
21 97
16.12
13 83
i
.50
1 67
1.13
19 30
16.83
29.25
26.27
15.83
9.40
15.39
:::
12.13 ....
12.40
