WHOLESALE PBICES OF LUMBER.
9
1
1
5
|
Mississippi.
Alabama.
d
4
S
f
South Caro-
lina.
North Caro-
lina.
Tennessee.
Kentucky.
Virginia.
1
1
2
3
4
5
6
7
8
9
10
il
12
13
14
15
16
17
18
19
20
21
22
23
24
25
26
27
28
29
30
31
32
33
34
35
36
37
38
39
40
41
42
43
44
45
46
47
48
49
50
51
52
53
54
55
56
57
58
59
00
01
02
03
04
05
00
07
08
69
70
71
72
73
74
75
76
77
78
79
80
1
2
3
4
5
6
7
8
9
10
11
12
13
14
15
16
17
18
19
20
21
22
23
24
25
26
27
28
29
30
31
32
33
34
35
30
37
38
39
40
41
42
43
44
45
46
47
48
49
50
51
52
53
54
55
50
57
58
59
00
01
62
63
64
65
66
67
68
69
70
71
72
73
74
75
70
77
78
79
80
$19.88
$21.10
15.44
10.75
12.22
15.25
11.72
12.54
23.50
19.33
11.00
14.50
23.62
19.11
10.75
13.42
$24. 64
11.86
12.80
18.67
$19. 38
$28.83
11.96
11.21
19.35
25.14
12.20
14.83
12.29
12.73
13.00
18.67
$27. 58
11.28
11.33
19.13
23.48
12.15
14.79
11.93
13.29
12.21
18.95
$28. 50
10.08
11.08
18.72
22.22
11.93
15.94
11.84
13.03
11.94
19.88
$28.33
10.43
11.44
18.92
22.05
12.29
16.65
12.75
13.38
12.50
$11.94
12.23
19.95
25.63
12.77
15.63
13.21
13.68
13.89
18.09
....
$19. 67
12.35
14.25
2.08
14.19
14.56
2.11
15.20
14.14
2.08
14.36
16.25
2.00
14.20
"$i5.'82
2.13
14.49
11.67
$33.50
25.67
33.00
26.67
18.92
16.46
12.04
12.07
13.83
16.13
20.75
24.20
13.02
$18.03
16.52
12.52
11.75
13.06
15.64
18.25
20.38
14.82
