WHOLESALE PRICES OF LUMBER.
11
1
West Virginia.
Maryland.
Pennsylvania.
New York.
I|
Vermont.
a
.3
1
a .
1
fl
Connecticut.
Minnesota.
Wisconsin.
Michigan.
,
1
$18. 20
-
i
$15. 72
$14. 94
1
2
17.90
16.85
15.98
2
3
4
16.87
15.54
15.96
15.40
4
5
3.29
3.45
5
g
16 88
12.72
12.65
6
7
$15 50
$18 25
7
14 55
$15 50
g
g
16 20
9
10
16.21
$16. 25
10
11 60
11
12
15 92
17 17
16 25
16 50
13
6 00
10.00
13
14
16.53
$17. 06
16.11
13.73
$16. 67
$17.00
14
15
16
16
17
17
18
18
19
20
90
21
22
$12 50
22
$53. 69
60.15
64.50
93
24
46.95
48.80
52.33
94
05
26.67
48.31
51.25
54.75
95
26
24.82
25.59
30.00
96
97
25.73
26.25
26.63
97
28
22 00
21.00
23.22
24.52
26.58
99
20.41
21.30
23.83
99
30
16.75
12.67
12.53
13.38
30
31
26.58
26.50
26.50
31
32
3.70
3.61
3.78
3.11
3.28
3.43
33
34
22 75
23 90
17 43
19 00
19.20
17.80
18.32
17.62
19.75
21.14
34
35
3,5
36
36
37
37
38
39
39
40
40
41
41
42
49
43
43
44
44
45
45
46
46
47
47
48
48
49
49
50
50
51
51
52
53
53
54
54
55
55
56
5fi
57
57
58
58
59
59
60
60
61
61
63
20 63
21 50
19 52
63
64
22.13
23 50
22.89
64
65
20 66
18 97
65
66
18 80
19 17
16 64
66
67
19 00
20 67
18 04
67
68
3.48
2 83
68
69
19 00
17 33
16 82
17 33
16.38
69
70
19.4
70
71
31 67
28 20
....
71
79
18.80
|
1 ....
r>
73
17 00
13 25
T\
74
12.33
74
75
17.00
76
17 38
7f
77
20 25
71
78
21 33
Tfl
79
15.00
71
80
8C
I
