WHOLESALE PRICES OF LUMBER.
13
1
2
3
4
5
ti
7
8
9
10
11
12
13
14
15
16'
17
18
19
20
21
22
23
24
25
26
27
28
29
30
31
32
33
34
35
36
37
38
39
40
41
42
43
44
45
46
47
48
49
50
51
52
53
54
55
56
57
58
59
60
61
62
63
64
65
66
67
68
69
70
71
72
73
74
75
76
77
78
79
80
Oklahoma.
iS
<5
Louisiana.
Mississippi.
a
<i
Missouri.
a
H
&
Florida.
South Caro-
lina.
North Caro-
lina.
1
Kentucky.
>
ll
1
2
3
4
5
6
7
8
9
10
11
12
13
14
15
16
17
18
19
20
21
22
23
24
25
26
27
28
29
30
31
32
33
34
35
36
37
38
39
40
41
42
43
44
45
46
47
48
49
50
51
52
53
54
55
56
57
58
59
.60
61
62
63
64
65
66
67
68
69
70
71
72
73
74
75
76
77
78
79
80
836. 29
21.03
11.50
20.10
$34.40
19. 50
10.13
$36. 00
21.17
10.00
$38. 50
25. 25
16.33
$39. 69
24.52
14.65
20.67
33.00
22.33
14.22
$39.69
24.00
18.89
19.00
$33.67
23.67
31. 67
21.67
11.60
21.13
$43. 46
28.71
19.15
25.85
34. 06
25.66
17.13
22.20
18.50
"$23."33
33.25
22.75
13.00
!
19.13
21.50
2n. nfi
23.83L?
16.50
15.33 11.75
12.78
34.25
23.17
12.33
18.79
17.08
44.50
32. 55
13.20
8.44
15.75
40.14
28.86
11.14
7.25
39.64
27.14
13.18
6.92
20.00
39.52
26. 42
13.25
7.27
18.94
40.00
29.29
11.81
6.50
24.61
48.20
17.95
13.25
19.00
34.38
29.93
19.43
13.83
9.30
19.17
22.06
44.00
15.88
11.13
24."83
47.50
17.80
13.90
25 75
48. 67
19.00
15. 33
35.31
30.20
17.92
14.46
8.23
20.67
3.45
2.61
34.33
30.00
19.25
13.50
11.00
34.67
29.63
$35. 38
30.75
19 13
20.42
14. 06
10.00
16 00
11.00
14 83
15.00
29.66
16.92
15.58
11.31
8.65
11.42
44 17
16.00
31. 25
19.00
16.88
13.00
10.13
31.10
19 10
15.66
10.50
7.50
16.50
12.17
9.45
15.25
12.17
51. 67
31.25
12.00
46.25
28.88
11 00
25.00
11 20
27.67
17.00
22.80
29.00
19.87
15.74
23.00
22.75
23 67
16.67
,
16.83
16.08
44.07
31.47
17.54
8.42
20.42
16.50
38.33
21.77
11.37
5.46
17.57
50.77
13.70
39.71
22.67
11.94
6.25
18.50
39.00
20.67
10.50
5.00
21.27
39.40
22.20
11.39
5.50
21.33
49. 83
30.33
16.08
$38. 67
23.50
11.67
39.00
26.00
14.00
7.60
17.83
38.30
24.80
13.24
7.13
21.10
53.81
31.22
40.83
25.63
15.58
8.70
20.79
51.67
30 33
39. 56
28.33
14.22
6. 88
15.21
$18.67
31.14
17.18
16.67
33 00
19.00
66.18
38.88
19.93
70.00
39 75
68. 67i 72. 50
39 33i 41 75
65.60
38.54
18.81
40 00
69.30
41.68
22.41
73.67
45.50
23.75
19.85
18.67
21.33
35.67
50.00
35.50
28.43
15.14
48.32
35.70
26.22
14. 85
28.27
49.79
37.91
28.43
16. 79
28.40
48.13
36.13
29.25
17.88
52.20
38. 70
33. 40
21.55
27.42
19.17
12.81
12.27
. ...
;
