WHOLESALE PRICES OF LUMBER.
15
1
2
3
4
5
6
7
8
9
10
11
12
13
14
15
16
17
18
19
20
21
22
23
24
25
26
27
28
29
30
31
32
33
34
35
36
37
38
39
40
41
42
43
44
45
46
47
48
49
50
51
52
53
54
55
56
57
58
59
60
61
62
63
64
65
66
67
68
69
70
71
72
73
74
75
76
77
78
79
SO
d
1
Indiana.
Illinois.
j
Wisconsin.
Pennsylvania.
New Jersey.
New York.
**
Massachusetts.
&
<a oj
Hi
>
9
X
>
3
j
$43.67
29.70
17.86
25.00
33.00
22.67
15.201
20. 40 1
$40.88
25.63
19.10
30.00
32.38
22.29
15.17
22.50
$41.25
25.00
17.38
$40.67
28.67
25.78
22.29
36.19
26.38
14.83
24.32
19.80
23.20
15.83
13.51
34.45
21.73
$37. 30
23.81
21.49
18.88
34.19
22.59
13.19
22.13
19.45
is.'i?
34.41
19.14
$46.00
26.00
1
2
3
4
5
6
7
8
9
10
11
12
13
14
15
16
17
18
19
20
21
22
23
24
25
26
27
28
29
30
31
32
33
34
35
36
37
38
39
40
41
42
43
44
45
46
47
48
49
50
51
52
53
54
55
56
57
58
59
60
61
62
63
64
65
66
67
68
69
70
71
72
73
74
75
76
77
78
79
80
$17.00
$26. 48
i
24.70
33.00
$20.00
$21.50
21.40
28.33
20.00
19.67
20.44
22.63
21.75
21.50
"i4.~96
19.33
19.33
19.30
II
21.43 22.60
17.50 16.67
14.44 16.56
:.:..:.
------
23.83
17.00
14.43
35.88
23.79
is.' 83! "is." 50
-----
20.33
"i4.~75
31.75
24.33
$i3.'67
14.50 11.25
13.67
:
22.56 20.53
16.71 17.08
20.00
20.75
18.67
20.92
!
15.58
15.40
$15. 67
15.89
39.60
26.83
15.40
13.33
19.33
41.00
27.00
15.25
36.00
26.40
16.70
$31.25
17.45
23.50
19.20
19.58
18.71
18.17
$17.50
18.00
34.20
28.80
22.40
17.85
26.00
19.38
15.33
23.82
" i7.i7
22.75
19.50
18.50
24.82
19.45
18.33
31.33
29.33
25.00
18.38
'
18.25
16 08
49.50
30.57
18.90
23.25
26.13
19.71
17.30
23.40
47.54
30.42
18.75
31.58
25.70
19.56
20.09
24.67
46.40
32.00
24.38
54.17
26.50
26.00
16.67
17.20
38.75
23.66
28.76
21.25
19.13
26.68
17.52
16.02
21.58
7.58
16.05
14.25
45.22
31 65
26 33
30.33
23.67
16.85
IE
18.63
19.36
17.10
19.00
8.33
18.20
16.16
19 25
17.70
15.83
13.13
42.75
18.00
41.67
i 40.60
16.50
34.50
26 14
17.81
14.00
14.4fl
14.25
43.33
28.14
20.91
27.43
17.77
27.50
16.13
| 18. 69
9.11
16.00
12.10
11.13
12.67
------
21.00
53.86
33.00
20.50
28.20
54.00
34.64
19.29
j 27.49
22.18
30.00
25.20
21.23
22.14
21.25
20.67
l- ...
73.56
45.81
26.14
70.36
43. OS
23.36
51.87
38 80
50. 7S
39.82
32.00
29. 4f
21 6C
18. 9C
17 67 ;
32. 8
22.35
o
