WHOLESALE PKICES OF LUMBER.
Line Numbers Eefer to Grades Listed on Page 6.
Line No.
CALIFORNIA.
OREGON.
WASHINGTON.
Line No.
Jan.,
Feb.,
Mar.
ft:
June.
July,
Aug.,
Sept.
Oct.,
Nov.,
Dec.
Jan.,
Feb.,
Mar.
Apr.,
May,
June.
July,
Aug.,
Sept.
Oct.,
Nov.,
Dec.
Jan.,
Feb.,
Mar.
Apr., July,
May, Aug.,
June. Sept.
Oct.,
Nov.,
Dec.
1
2
3
4
5
7
8
9
10
11
12
13
14
15
10
17
IS
19
20
21
22
23
24
25
20
27
28
29
30
31
32
33
34
35
30
37
38
39
40
41
42
43
44
45
40
47
48
4!)
50
51
52
53
54
55
50
57
58
59
00
01
02
03
04
05
00
07
OS
$17.75
$17. 49
15.75
2.58
2.01
1.60
"24." 74
21.68
14.26
21.56
16.79
8.50
12.57
9.52
9.17
1.26
11.35
7.82
$16.87
13.96
2.45
1.85
1.51
13.16
24.10
20.79
13.99
20.34
15.24
8.33
11.83
9.31
8.71
1.24
10.88
7.82
8 00
$15. 24
15.00
2.35
1.83
1.42
"23." 27
20.10
12.55
19.28
14.05
7.73
11.54
8.67
8.16
1.23
10.05
7.25
$15.61
13.91
2.33
1.80
1.42
10.52
22.05
19.01
12.11
19.30
13.00
7.70
11.37
8.68
8.30
1.25
10.90
7.15
1
2
3
4
5
6
7
8
9
10
11
12
13
14
15
16
17
18
19
20
21
22
23
24
25
26
27
28
29
30
31
32
33
34
35
36
37
38
39
40
41
42
43
44
45
46
47
48
49
50
51
52
53
54
55
56
57
58
59
60
61
62
63
65
00
67
68
$1.88
15.00
24.43
21.31
15.66
21.41
17.05
8.71
15.31
9.21
8.56
1.49
10.57
$16.00
26.85
22.38
16.40
22.96
18.01
9.59
15.42
10.29
9.17
1.70
11.31
$17.33
25.85
21.78
15.61
23.11
17.39
8.96
13.83
9.22
8.74
1.58
10.97
8.67
28.47
24.70
16.20
22.37
19.71
9.93
16.60
10.40
9.85
1.47
11.52
9 31
$24.33
$13.83
13.50
2.4i
12.17
.
$13.24
9,55
21.70
21.00
7.40
8.47
15.75
10.28
22.50
20.62
8.00
- 8.58
23.17
18.33
7.32
7.81
18.70
17.58
7.00
7.95
11 33
9.90
9.08
21.00
9.58
9.85
21.00
10 83
...
9.17
8.75
1 67
8.88
...
11 75
49.50
32.17
22.50
55.13
33.61
24.66
50. 15
31.62
21.30
$43.95
43 61
44 52
33.00
35.40
27.00
20.83
17.62
24.47
16.83
13.33
9.21
2.70
14.38
28.33
43.56
37.67
42.58
46.39
38.89
36.08
36. 44 .
29.44
36.80
28.16
38.94
33.45
22.25
20.17
25.17
18.67
13.80
10.37
2.96
30.75
21.12
19.00
24.90
17.10
13.86
9.58
2.74
12.58
28.38
20.15
16.80
24.00
16.36
12.00
9.60
2.78
14.19
24 75
22 00
"29." 67'
20.62
21.53
26.17
19.41
13.18
14.00
2.27
27.05
19.18
14.02
27.21
17.64
13.70
25.75
18.08
14.42
11.75
25.25
17.50
14.50
11.87
24.38
16.88
13.50
11.17
25.16
16.33
12.58
14.84
25.85
21.97
16.12
13.83
.50
1.67
1.13
19.30
14.75
23.93
19.44
14.03
12.19
12.37
1.56
1.06
14.78
12.86
23.08
18.92
10.67
7.42
11.12
1.50
1.03
13.92
26.03
20.64
12.96
10.13
11.33
1.50
.96
17.38
18.50
28.75
17.13
31.00
18. 25
32.75
30.67
17.50
9.67
15.50
18.87
29.60
29.33
16.62
9.50
13.85
16.83
29.25
26.27
15.83
9.40
15.39
16.75
31.95
29.67
14.25
9.30
14.04
28.33
18.65
11.72
19.25
12.00
11.67
13.00
12.13
