WHOLESALE PRICES OF LUMBER.
Line Numbers Eefer to Grades Listed on Page 6.
1
1
2
3
4
5
6
7
8
9
lo
11
12
13
14
15
16
17
18
19
20
21
22
23
24
25
26
27
2s
29
30
31
32
33
3-i
35
36
37
38
3!)
40
41
42
43
4-1
45
4ii
47
4-s
49
5.)
51
52
S3
54
55
56
57
58
69
(ii)
61
62
63
<>4
68
(Hi
17
08
IDAHO.
MONTANA.
WYOMING.
SOUTH
DAKOTA.
Jan.,
Feb.,
Mar.
Apr.,
May,
June.
July,
Aug..
Sept.
Oct.,
Nov.,
Dec.
Jan.,
Feb.,
Mar.
Apr.,
May,
June.
July,
Aug.,
Sept.
00...
Nov.,
Dec.
July, Oct.,
Aug., Nov.,
Sept. Dec.
July,
Aug.,
Sept.
Oct.,
Nov.,
Dec.
$11. 30
$13.38
$14.38
12.83
$10. 74
11.31
15.00
$15.33
$12. 25
sii.so
10.75
11. 50
11.29
24.47
18.66
18.38
16.33
12.12
10.38
$23. 41
26.68
23.81
15.78
11.69
1.86
12.87
22. 19
25.99
22.06
14.72
11.28
1.75
12.60
21.63
25.44
21.75
15.03
11.64
1.94
13.97
18.57
22.91
16.98
13.63
11.18
1.44
13.74
"ii'oo"
"l2.66'
10.52
9.42
10.12 j 10.70
10.87
34.00
28.00
23.58
22.38
18.17
15.17
36.10
44.87
30.90
23.50
21.08
24.38
17.90
14.50
11.25
3.01
16.38
35.00
26.00
25.33
21.46
10.29
17. 30
34.75
45.50
27.60
23.50
20.03
23.58
16.88
13.90
10.29
2.88
13.85
37.00
29.25
26.83
23.71
14.87
18.33
31.50
36.33
28.78
24.50
19.00
23.56
16.00
12.71
11.25
2.62
13.47
33.91
24.35
24.80
20.87
15.29
17.19
30.33
;
14.70
14 00
37.40
40.64
30.82
23.69
19.58
23.88
18.88
15.85
12.67
3.28
16.16
37.72
42.35
33.71
23.60
19.95
"is." 94'
15.60
""i" 66"
15. 58
41.92
45.35
34.54
23. 50
19.92
26.63
18.63
16. 02
13. 80
2.74
15. 31
44.41
34. 75
22.67
19.58
26.67
16.67
14.33
12.05
2.68
16.28
28.60
"is." 33'
21.25
14.93
13.85
11.43
3.06
14.11
$16. 75
$16.40
$14.90
$14.64
.
.
.
.
1
