WHOLESALE PRICES OF LUMBER.
11
Line Numbers Befer to Grades Listed on Page 10.
n
TE2
LA.S.
ARKA
NSAS.
LOUIS
IANA.
55
Jan.,
Feb.,
Mar.
Apr.,
May,
June.
July,
Aug.,
Sept.
Oct.,
Nov.,
Dec.
Jan.,
Feb.,
Mar.
Apr.,
May,
June.
July,
Aug.,
Sept.
Oct.,
Nov.,
Dec.
Jan.,
Feb.,
Mar.
Apr.,
May,
June.
July,
Aug.,
Sept.
Oct.,
Nov.,
Dec.
fc
1
1
2
?,
^
3
4
4
5
I
6
6
7
7
g
8
9
10
10
IT
12
12
13
13
14
14
15
15
16
16
17
17
18
18
19
19
9
20
1
21
'*2
W,
91
?a
24
?4
05
Bfi
26
?,6
07
27
28
?
oq
?9
30
30
31
31
32
33
33
33
34
34
35
$28.25
$28.83
$27. 48
$27.83
$28.61
$27. 53
$28. ie
$27. 92
$27.58
$27. 53
35
36
37
38
39
40
41
42
43
44
45
46
'47
48
49
10.43
10.33
18.59
23.21
12.03
14.73
11.95
12.94
12.20
18.70
15.83
1.48
13.64
$io. oe
10.75
18.39
23.63
12.19
14.19
12.34
12.66
12.75
17.58
14.92
is.'ss"
11.96
11.21
19.35
25.14
12.20
14.83
12.29
12.73
13.00
18.67
14.25
2.08
14.19
10.33
9.64
18.25
23.20
11.02
13.41
10.66
11.33
12.34
20.44
14.00
"13." 68"
10.83
11.41
19.20
24.91
13.19
14.83
12.09
13.46
13.93
19.20
14.72
1.93
14.50
11.33
11.65'
19.22
24.85
12.50
14.85
12.56
13.39
14.21
18.39
14.18
2.06
14.51
$11.94
12.23
19.95
25.63
12.77
15.63
13.21
13.68
13.89
18.09
14.56
2.11
15.20
10.80
10.28
18.80
23.91
11.90
13.78
10.97
12.09
12.95
19.65
12.94
1.76
13.47
10.09
10.50
18.24
22.82
12.05
14.18
11.50
12.56
12.38
18.39
14.30
1.84
13.72
11.00
11.27
18.75
23.29
12.34
14.73
12.08
12.99
12.72
19.00
14.78
1.90
14.37
11.28
11.33
19.13
23.48
12.15
14.79
11.93
13.29
12.21
18.95
14.14
2.08
14.36
10.61
10.98
18.10
22.78
11.92
14.38
11.27
12.21
12.28
18.90
14.32
1.87
13.88
36
37
38
39
40
41
42
43
44
45
46
47
48
49
50
50
51
51
52
5?
53
53
54
54
55
55
56
,
56
17
57
58
58
59
59
60
60
61
61
6*>
6?
63
63
64
64
65
65
66
66
67
67
68
68
69
69
70
70
71
71
79
7?
73
73
7-1
74
75
75
76
76
77
77
7S
78
79
79
so
80
*
