12
WHOLESALE PRICES OF LUMBER.
Line Numbers Refer to Grades Listed on Page 10.
Line No.
MISSISSIPPI.
ALABAMA.
MISSOURI.
Line No.
Jan.,
Feb.,
Mar.
Apr.,
May,
June.
July,
Aug.,
Sept.
Oct.,
Nov.,
Dec.
Jan.,
Feb.,
Mar.
Apr.,
May,
June.
July,
Aug.,
Sept.
Oct.,
Nov.,
Dec.
Jan.,
Feb.,
Mar.
Apr.,
May',
June.
July,
Aug.,
Sept.
Oct.,
Nov.,
Dec.
1
2
3
4
5
1
7
8
10
11
12
13
14
15
Hi
17
18
19
20
21
22
23
24
25
26
27
28
29
30
31
32
33
34
35
3<i
37
38
39
40
41
42
43
44
45
4t,
47
48
49
50
51
52
53
54
55
5(i
57
58
59
tK)
il
(.2
ok
04
(15
68
<i7
06
(19
70
71
72
73
74
75
76
77
78
79
8(J
2
3
4
5
6
7
8
9
10
11
12
13
14
15
16
17
18
19
20
21
22
23
24
25
26
27
28
29
30
31
32
33
34
35
36
37
38
39
40
41
42
43
44
45
46
47
48
49
50
51
52
53
54
55
56
57
58
59
60
til
62
63
(14
tio
(*>
C7
68
69
70
71
72
73
74
75
76
77
78
79
80
$28. 75
9.50
10.44
17.91
21.36
12.02
15.03
11.39
12.34
11.34
20.40
15.08
1.78
13.57
$28.75
10.33
11.69
18.74
22.45
12.29
15.63
12.14
12.93
12.15
19.50
16.07
1.98
14.42
$28. 50
10.08
11.08
18.72
22.22
11.93
15.94
11.84
13.03
11.94
19.88
16. 25
2.00
14.20
$28.30
9.88
11.15
18.88
22.27
12.04
15.83
11.61
12.60
12.32
20.16
16.80
1.92
14.65
$28. 20
9.12
10.49
18.18
20.73
12.17
15.31
12.35
12.86
12.13
19.50
15.25
1.62
13.41
$28.35
10.10
11.14
18.08
21.36
12.19
15.58
12.04
12.90
11.50
18.75
14.87
2.12
14.10
$28.33
10.43
11.44
18.92
22.05
12.29
16.65
12.75
13.38
12.50
$27. 75
9.98
10.91
18.45
21.60
12.00
16.01
12.00
12.70
13.00
$9.25
$20.50
21.00
14.50
14.00
12.63
23.00
13.75
14.75
13.00
14.10
$19. 67
2.13
14.49
1.94
14.11
11.38
11.21
11.67
i
