WHOLESALE PEICES OF LUMBER.
13
Line Numbers Refer to Grades Listed on Page 10.
Line No. 1
FLORIDA.
GEORGIA.
SOUTH CAROLINA.
&
1
1
2
3
4
5
6
7
8
9
10
U
12
13
14
15
l(i
17
18
19
20
21
22
23
24
25
2(
27
28
29
30
31
32
33
34
35
36
37
38
39
40
41
42
43
44
45
4(
47
48
49
50
51
52
53
54
55
5(
57
58
59
<i<
<1
<V2
f>3
64
86
(1C
(.7
(IS
<9
71
71
72
73
74
75
7(
77
78
79
SO
Jan..
Feb.,
Mar.
Apr.,
May,
June.
July,
Aug.,
Sept.
Oct.,
Nov.,
Dec.
Jan.,
Feb.,
Mar.
Apr.,
May,
June.
July,
Aug.,
Sept.
Oct.,
Nov.,
Dec.
Jan.,
Feb.,
Mar.
Apr.,
May,
June.
July,
Aug.,
Sept.
Oct.,
Nov.,
Dec.
1
2
3
4
5
li
8
9
10
11
12
13
14
15
16
17
IS
19
20
21
22
23
24
25
K
27
28
29
90
31
32
33
34
35
30
37
3S
3;)
40
41
42
43
44
45
4(i
47
4S
49
50
51
52
53
54
55
5(i
57
58
59
60
(il
C.2
(13
(14
(15
no
(17
C>8
(19
70
71
72
73
74
75
7fi
77
78
79
SO
,
$19.20
15.08
10.63
11.38
22.55
$18.75
15.00
12.17
11.08
$19.88
15.44
10.75
12.22
23.50
19.33
11.00
14.50
$19. 90
16.10
11.00
11.92
23.25
23.25
10.63
14.26
21.46
10.06
13.45
22.10
11.12
13.25
$21.35
$20.78
39 83
$19.00
$22.83
$44.00
28.75
38.16
28.00
18.00
17. 25
11.88
11.80
13.30
16.60
19.50
22.60
13.17
39.50
27.41
38.00
28.00
18.75
16.67
11.93
12.95
14.50
16.88
20.70
23.50
12.98
$33. 50
25.67
33.00
26.67
18.92
16.46
12.04
12.07
13.83
16.13
20.75
24.20
13.02
27.83
28.33
39.00
30.33
20.20
17.13
14.00
12.69
14.92
16.94
19.06
24. 30
14.37
19.50
17.38
12.70
11.44
11.50
15.00
19.25
22.00
13. 52
18.42
16.90
11.93
11.70
13.25
15. 75
18.00
21.33
14.51
$18.03
16.52
12.52
11.75
13.06
15.64
18.25
20.38
14.82
$20.40
18.33
20.00
14.67
14.63
14.91
16.69
20.82
24.21
15.83
13.50
14.00
15.50
19.50
15.55
15.67
