14
WHOLESALE PRICES OF LUMBER.
Line Numbers Refer to Grades Listed on Page 10.
Line No.
NORTH CAROLINA.
TENNESSEE.
KENTUCKY.
Line No. |
Jan.,
Feb.,
Mar.
May*,'
June.
July,
Se U p g t.'
Oct.,
Nov.,
Dec.
Jan.,
Feb.,
Mar.
Apr.,
May,
June.
July,
Aug.,
Sept.
Oct., i
Nov.,
Dec.
Jan.,
Feb.,
Mar.
ft:
June.
July,
Aug.,
Sept.
Oct.,
Nov.,
Dec.
1
2
3
4
5
6
7
8
9
10
11
12
13
14
15
Iti
17
is
19
20
21
22
21!
24
25
2(i
27
28
29
30
31
32
33
34
35
86
37
3S
39
40
41
42
43
44
45
46
47
48
49
50
51
52
53
54
55
5i i
57
58
59
60
Gl
62
63
64
(15
66
(17
(is
C.9
70
71
72
73
74
75
76
77
78
79
80
1
2
3
4
5
(>
7
8
9
10
11
12
13
14
15
16
17
18
19
20
21
22
23
24
25
26
27
28
29
30
31
32
33
34
35
36
37
38
39
40
41
42
43
44
45
46
47
48
49
50
51
52
53
54
55
56
57
58
59
60
61
62
63
64
65
66
67
68
69
70
71
72
73-
74
75
76
77
78
79
80
$12.75
13.68
12.87
$12.87
13.84
13.93
$15.00
12.87
$15.50
$12.00
i
11.31
12.47 1
$14.78
$20.07
14.98
11.15
11.96
22.77
19.67
10.14
13.38
$20.17
15.80
12.06
12.20
23.05
18.92
10.25
13.21
21.10
15.25
11.72
12.54
23.62
19.11
10.75
13.42
$20.83
16.51
12.14
13.39
24.50
20.31
11.65
13.95
62 00
55 00
50.50
25.00
23.50
23 50
20.00
19.00
3 37
3.00
19.80
18.00
18.67
18.83
19.20
17.50
$19.38
19.50
12.35
13.04
