WHOLESALE PRICES OF LUMBER.
15
Line Numbers Eefer to Grades Listed on Page 10.
1
2
9
VIRGINIA. WEST VIRGINIA.
MARYLAND.
Line No.
Jan.,
Feb.,
Mar.
Apr.,
May,'
June.
July,
Aug.,
Sept.
Oct.,
Nov.,
Dec.
Jan..
Feb.,
Mar.
Apr.,
M^y,
June.
July,
Aug.,
Sept.
Oct.,
Nov.,
Dec.
Jan..
Feb.,
Mar.
Apr.,
May,
June.
July,
Aug.,
Sept.
Oct.,
Nov.,
Dec.
i
2
3
4
5
6
7
8
9
10
11
12
13
14
15
16
17
18
19
20
21
22
23
24
25
26
27
28
29
30
31
32
33
34
35
36
37
38
39
40
41
42
43
44
45
46
47
48
49
50
51
52
53
54
55
56
57
58
59
60
61
62
63
64
65
66
67
68
69
70
71
72
73
74
75
76
77
78
79
80
1
3
3
4
5
6
7
8
9
10
11
12
13
14
15
16
17
18
19
20
21
23
23
24
25
26
27
28
29
30
31
33
33
34
35
36
37
38
39
40
41
43
43
44
45
46
47
48
g
51
53
53
54
55
56
57
58
59
60
61
62
63
64
65
66
67
S
70
71
73
73
74
75
76
77
78
79
80
$15.80
14.64
16.02
14.88
11.38
14.81
6.33
14.83
$15.25
14.92
16.25
15.38
11.36
14.79
6.83
14.08
$15.50
14.55
16.20
$16.50
15.60
17.42
14 00
11.60
15.92
6.00
11.83
15.00
6.50
15.08
$13.75
23.13
18.00
12.08
15.63
$14." S3"
12.05
11.25
22.41
20.33
10.57
13.12
$21.00
$21.87
18.75
15.75
13.20
12.50
11.60
$15.50
25.50
24.78
11.78
13.00
$24.64
11.86
12.80
23.83
11.32
13.24
13.25
14.25
12.12
$12.50
18.75
18.81
17.63
20.25
21.75
14.30
17.75
17.70
19.50
20.33
14.37
17.32
17.38
20.25
21.33
15.00
18.25
21.50
22.25
14.63
16.83
i
