16
WHOLESALE PRICES OF LUMBER.
Line Numbers Eefer to Grades Listed on Page 10.
Line No.
PENNSYLVANIA.
NEW YORK.
NEW HAMPSHIRE:
1
1
2
3
4
5
8
7
8
10
11
12
13
14
15
16
17
18
19
20
21
22
23
24
25
26
27
28
29
30
31
32
33
34
35
36
37
38
39
40
41
42
43
44
45
46
47
48
49
.50
51
52
53
54
55
56
57
58
59
60
61
62
63
64
65
66
67
68
69
70
71
72
73
74
75
7(3
77
7S
79
SO
Jan.,
Feb.,
Mar.
Apr.,
May,
June.
July,
Aug.,
Sept.
Oct.,
Nov.,
Dec.
Jan.,
Feb.,
Mar.
Apr.
May,
June.
July,
Aug.,
Sept.
Oct.,
Nov.,
Dec.
Jan.,
Feb.,
Mar.
Apr.,
May,
June.
July,
Aug.,
Sept.
Oct.,
Nov.,
Dec.
1
2
3
4
5
6
7
8
9
!?
12
13
14
15
16
17
L s
20
21
22
23
24
is
27
32
33
34
35
3t>
37
38
39
If
42
43
44
45
46
s
51
g
si
g
g;
I
f>4
<;r,
GO
6!)
70
71
72
73
74
S
77
7H
7<t
n
$17.50
20 50
17.62
19.75
3.50
17.75
818.00
$18. 10
18.21
17.43
18.00
3.53
17.72
$18.38
18.61
17.50
17.75
3.77
16.70
$18.20
17.90
$17.93
17.40
18.50
16.50
3.68
18.00
18.75
19.75
4.17
16.88
17.40
818. 25
$19.40
18 93
$19.00
17.90
21.25
19.50
14 25
19.25
19.00
$16.75
$17.60
17.25
17.17
10.00
15.33
9.00
16.75
10.75
16.52
9.33
17.03
16.62
16.53
16.87
17.00
$17.06
15.33
34.67
27.50
22.00
21.90
23.25
22.50
21 00
23.67
20.75
18.13
3.75
3.00
23.25
25.22
22.75
22.25
23.11
23.73
23.90
21.12
15.90
17.50
17.43
18.28
19.50
22.00
18.88
16.33
17.67
3.19
17.67
21.00
23.00
20.67
18.33
20.67
3.37
18.50
20.63
22.13
20.66
18.80
19.00
3.48
19.00
2i.is
24.68
3.35
18.33
18.75
28.00
18.60
16.50
11.20
18.19
18.00
31.67
19.67
16.00
11.00
17.92
19.41
31.67
18.25
29.25
20.17
17.00
12.33
17.00
17.00
11.25
17.30
.
