WHOLESALE PRICES OF LUMBER.
17
Line Numbers Refer to Grades Listed on Page 10.
1
1
2
3
4
5
7
8
9
10
11
12
13
14
15
1C,
17
IS
19
20
21
22
23
24
25
26
27
28
29
30
31
32
33
34
35
36
37
38
39
40
41
42
43
44
45
46
47
48
49
50
51
52
53
54
55
56
57
58
59
60
61
62
63
64
65
66
67
68
69
70
71
72
73
74
75
76
77
78
79
80
VERMONT.
MAINE.
MASSACHUSETTS.
S.
1
1
1
1
1
1
1
1
1
1
2
2
2'
2
2
2
2
2
2,
2<
3(
3
31
3:
3-
3.
:r
3
3(
4(
4
41
4f
4^
4,<
4f
4'
4,'
4<
5(
51
K
5:
A
5,
ft
5'
&
51
*
61
8
8
ft
6;
61
ffi
r,f
7(
71
71
35
74
7.'
7f
71
n
7fi
8C
Jan.,
Feb.,
Mar.
May,'
June.
July,
Aug.,
Sept.
Oct.,
Nov.,
Dec.
Jan.,
Feb.,
Mar.
Apr.,
May,
June.
July,
Aug.,
Sept.
Oct.,
Nov.,
Dec.
Jan.,
Feb.,
Mar.
Apr.,
May,
June.
July,
Aug.,
Sept.
Oct.,
Nov.,
Dec.
$16.88
17.83
18.33
16.25
$18.00
$17. 01
$15. 50
"i6."2i'
15.80
$19. 25
16.33
iie-'so"
$18.00
16.60
14.40
14.83
9 75
$16. 25
16.60
13.50
$19.00
13.50
15.33
16.67
16.25
15.85
11 38
16.50
17.25
10.67
16.22
16.11
15.58
15.12
14.70
13.73
15.00
$17. 47
$15.00
$16. 67
16.88
26.67
21.17
23 00
21.00
28.00
21 67
18.87
19. 82
16.75
3 00
3 12
18.60
19.38
19.00
18.38
17.50
19.23
19.20
19.64
19.15
17.25
17.80
18.35
22.17
25.00
22.50
~22."66"
21.50
23.50
"i9.'l7
20.67
20.00
20.90
20.83
21.33
22.00
18.50
21.75
19.50
16.50
19.50
. 3.16
17.28
18.22
20.96
17.67
15.42
16.32
2.91
16.42
19.52
22.89
18.97
16. 64
18.04
2.83
16.82
19.92
21.96
19.30
16.43
16.92
3.13
17.32
16.13
18.71
17.33
18.51
18.20
17.00
17.33
18.33
29.00
17.75
13.50
26.25
18.70
12.50
28.20
18.80
13.25
26.90
17.75
14.00
\
