18
WHOLESALE PRICES OF LUMBER.
Line Numbers Befer to Grades Listed on Page 10.
X
0>
1
2
3
4
5
6
7
8
9
10
11
12
13
14
15
16
17
18
19
20
21
22
23
24
25
26
27
28
29
30
31
32
33
34
35
36
37
38
39
40
41
42
43
44
45
46
47
48
49
50
51
52
53
54
55
56
57
58
59
60
61
62
63
64
65
66
67
68
69
70
71
72
73
74
75
76
77
78
79
80
MINNESOTA.
WISCONSIN.
MICHIGAN.
Line No. j
Jan.,
Feb.,
Mar.
a&
June.
July,
i u p g t:
Oct.,
Nov.,
Dec.
Jan.,
Feb.,
Mar.
Apr.,
May,
June.
July,
Aug.,
Sept.
Oct.,
Nov.,
Dec.
Jan.,
Feb.,
Mar.
Apr.,
May,
June.
July,
Aug.,
Sept.
Oct..
Nov.,
Dec.
$15. 15
17.39
16.21
14.88
3.33
12.37
$15.99
17.21
16.54
15.84
3.31
12.75
$15.72
16.85
16.87
15.54
3.29
12.72
$15.44
16.38
16.20
15.09
3.22
11.98
$15. 17
16.30
16.15
15.36
3.46
12.16
$15.30
16.59 ;
15.86
16.05
3.44
12.33
$14. 94
15.98
15.96
15.40
3.45
12.65
$15. 10
16.27
15.96
15.64
3.43
12.39
1
2
3
4
5
6
7
8
9
10
11
12
13
14
15
16
17
18
19
20
21
22
23
24
25
26
27
28
29
30
31
32
33
34
35
36
37
38
39
40
41
42
43
44
45
46
47
48
49
50
51
52
53
54
55
56
57
58
59
60
61
62
63
64
65
66
67
68
69
70
71
72
73
74
75
76
77
78
79
so
$57.73
46.83
47.95
27.35
25.84
23.81
20.60
13.19
26.88
3.96
3.47
19.20
$54.64
46.13
46.64
24.63
25.55
23.45
20.00
12.50
25.65
3.79
3.32
18.80
$53.69
46.95
48.31
24.82
25.73
23.22
20.41
12.67
26.58
3.70
3.11
17.62
$52.83
46.05
48.22
24.17
24.95
22.73
20.44
12.79
25.07
3.68
3.28
19.06
57.15
48.58
49.37
26.43
25.99
25.24
21.26
12.61
26.86
3.87
3.48
20.51
56.77
49.00
51.45
26.58
26.09
23.92
20.98
12.45
26.63
3.72
3.10
21.25
60.15
48.80
51.25
25.59
26.25
24.52
21.30
12.53
26.50
3.61
3.28
19.75
56.93
47.75
50.11
25.78
25.40
23.73
20.72
13.03
25.86
3.58
3.26
20.12
57.66
64.50
52.33
54.75
30.00
26.63
26.58
23.83
13.38
26.50
3.78
3.43
21.14
63.75
48.75
51.33
28.88
25.70
25.70
22.50
14.30
28.25
3.76
3.26
20.65
51.80
29.15
26.08
28.33
24.71
13.00
29.67
3.76
3.50
21.31
28.51
23.30
13.16
29.13
4.15
3.66
21.13
16.38
"
