WHOLESALE PRICES OF LUMBER.
21
Line Numbers Refer to Grades Listed on Page 20.
fc
1
I
3
4
5
8
7
8
y
10
u
12
13
14
15
1(1
17
18
19
20
21
22
23
24
25
26
27
28
2>)
30
31
32
33
34
35
3(1
37
38
39
40
41
42
43
44
45
4(1
47
4s
40
50
51
52
53
54
56
5(1
58
59
60
(11
(12
(14
(15
66
(17
66
60
70
71
72
73
74
75
76
77
78
7' 1
80
ARKANSAS.
LOUISIANA.
MISSISSIPPI.
Line No.
Jan.,
Feb.,
Mar.
Apr.,
May,
June.
July,
Aug.,
Sept.
Oct.,
Nov.,
Dec.
Jan.,
Feb.,
Mar.
Apr.,
May,
June.
July,
Aug.,
Sept.
Oct.,
Nov.,
Dec.
Jan.,
Feb.,
Mar.
Apr.,
May,
June.
July,
Aug.,
Sept.
Oct.,
Nov.,
Dec.
$34.12
ly.23
10.78
21.13
$37.44
19.96
10.85
20.56
$36. 29
21.03
11.50
20.10
$35.91
20. 28
10.60
$35.07
19.43
10.00
$35.00
19.30
10.20
$34. 40
19.50
10.13
$35.54
19.06
10. 75
136.60
20.80
11.50
$36.29
19.33
10.00
24.00
$36.00
21. 17
10.00
$33. 16
21.0J
10.75
' 1
2
3
4
5
6
7
8
9
10
11
12
13
14
15
16
17
18
19
20
21
22
23
24
25
26
27
28
29
30
31
32
33
34
35
36
37
38
39
40
41
42
43
44
45
46
47
48
49
50
51
52
53
54
55
56
57
58
59
60
61
62
63
64
65
66
67
68
69
70
71
72
73
74
75
76
77
78
79
80
24.00
46.01
17.37
12.69
16.00
32.46
28.94
19.15
12.96
9.62
18.76
3.41
2.41
24.50
47.63
18.23
11.93
20.33
32.85
29.00
18.63
12.25
8.38
19.20
3.45
2.45
24.61
48.20
17.95
13.25
19.00
34.38
29.93
19.43
13.83
9.30
19.17
23.08
45.50
18. 66
15.00
34.30
29.00
18.15
13.20
9.50
18.66
24.38
45.50
15.88
11.13
21.00
34.81
30.38
18.46
14.94
8.11
21.22
3.37
2.59
22.10
45.75
15. 63
11.20
18.60
34.90
29.91
18.28
14.78
8.19
21.27
3.40
2.68
22.06
44.00
15.88
11.13
24.50
42.25
16.00
11.75
25.00
48.00
17.50
13.07
24.79
46.50
16.92
11.92
19 55
24.83
47.50
17.80
13.90
25.50
47.33
18.50
14.66
20.81
33.60
29.80
19.20
13.17
10.33
35.31
30.20
17.92
14.46
8.23
20.67
3.45
2.61
34.44
^O 16
17.VO
14.37
8.06
20.67
3.35
2.41
33.00
29.20
18.80
13.13
8.10
31.50
27.83
17.50
13.50
9.05
34.33
30.00
19.25
13.50
11.00
21 08
14.00
15.50
28.80
16.97
15.4(1
11.11
8.00
11.97
43.83
23.67
11.50
26.75
16.14
15.88
29.00
16.66
15.55
11.27
8.32
13. 41
43. '23
22.60
9.00
28.00
14.83
15.00
29. 66
16.92
15.58
11.31
8.65
11.42
44.17
25.00
11.20
17.50
15.00
15.00
15.00
29.42
19.00
16.33
12.67
9.17
12.25
44.92
14.75
"si." oo
18.J-0
16.75
11.75
9.16
15.50
" "si.'io
19.10
i 6.50
12.17
9.45
15.25
29.92
16.97
15.28
11.16
8.33
12.60
49.41
29.00
17.83
15.83
11.00
7.75
29.50
17.66
16. 17
10.33
6.87
27.00
17.25
15. 6/
11.72
8.50
44. 85
22.14
"15." 60
10.50
7.50
59.33
6.00
15.50
14.50
. 1 .
21.10
11.37
20.43
48. 5fi
28.22
1,.2'
25.00
67.06
:,s.n:;
2n. c,7
41.10
18.50
5.50
17.50
16.00
38. 52
21.45
10. <?(>
5.82
20.82
50.7*
29.62
is. o: 1
29.3:.
66.51
39.34
19.71
39.60
17 67
16. 50
18. :;:
21.7,
11.3,
.".4(
17.5:
50.7'
31.14
17. 1>
a.
!8.M
19. <\
35.67
16.20
:,:-..,>.
21.77
10.94
5.40
17.00
52.50
2; . (i(
14.83
20.00
7.85
19. 00
38.66
38.25
21. IP
10.50
5.60
19. 26
46.17
27.32
14.83
>." 50
38.83
19.67
39. 40
21.33
10.60
48.08
28.66
68.25
38.00
19.50
39.00
20. 67
10.50
5.00
21.27
38.40
20.50
10.88
66.' 33
37.83
38.74
21.38
10.8?
4.33
22.35
50. 17
29.50
15. 08
30.50
67.20
37. 29
17.14
39.00
22.00
11.50
5.33
19.53
49.50
28. 33
14.67
30. 20
66.50
36.50
17.33
39.40
22.20
' 11.39
5.50
21.33
49.83
30.33
16.08
70.00
39.75
19.85
39.55
22.62
11.62
4.16
23.33
50. 20
29.80
16.75
67.70
38.00
19.00
47.50
35.67
25.00
14.17
47.00
35. 33
24.50
14.00
25 80
19.17
13.67
'18. 57
13.51
12.60
. -
18.83
13. 20
13.72
19.17
12.81
12.27
18.77
13.17
12.14
12.25
