22
WHOLESALE PRICES OF LUMBER.
Line Numbers Refer to Grades Listed on Page 20.
Line No.
ALABAMA.
MISSOURI.
TEXAS.
Line No.
Jan.,
Feb.,
> Mar.
%?.
June.
July,
Aug.,
Sept.
Oct.,
Nov.,
Dec.
Jan.,
Feb.
Mar.
Apr.,
May,
June.
July,
Aug.,
Sept.
Oct.,
Nov.,
Dec.
Jan.,
Feb.
Mar.
Apr.,
May,
June.
July,
Aug.,
Sept.
Oct.,
Nov,
Dec.
1
2
1
4
5
6
7
8
iS
H
12
13
14
15
16
17
IS
19
JO
21
22
23
24
25
2G
27
2S
29
30
31
32
33
34
35
38
37
38
39
40
41
42
43
44
45
id
47
4S
40
50
61
52
53
54
55
5fi
57
5<?
59
60
r.t
f>2
63
r,4
ftB
r,r,
r,7
ffi
r,o
70
71
72
73
74
75
78
77
78
70
^0
il36. 17
23.83
$35.00
21.50
13.25
$36.50
21.00
15 00
$40.83
23.00
$34.33
$39.31
23.80
13.00
$39.50
21.00
12.00
1
2
3
4
6
7
8
9
11
12
13
14
15
16
17
18
19
20
21
22
23
24
25
26
27
28
29
30
31
32
33
34
35
36
37
38
39
40
41
42
43
44
45
46
47
48
49
50
51
52
53
54
55
56
57
M
59
60
61
62
63
64
65
66
87
68
70
71
72
73
74
75
76
77
7
79
80
20.00
$23.33
19.20
26.33
49.50
18.17
15.50
25.75
48.67
19.00
15.33
15 33
32.25
29.75
18.17
14.10
10.80
35.37
30.98
19.57
15.70
11.30
34.67
29.63
19.13
14.06
10.00
33.66
33.25
30.25
18.50
33.37
30.37
18.09
14.00
19.16
15.16
17 33
16.00
31.25
19.00
16.88
13.00
10.13
13.75
27.50
17.50
17.00
12.50
29.80
17.40
16.80
12.60
9.70
11.42
29.50
18.20
16.80
13.00
10.13
12.17
16.37
11.87
9.50
$16.83
12.00
8.67
13.00
10.00
45.i7
27.00
13.50
47." 58'
28.50
11.75
12.90
14.50
38.10
22.67
11.67
6.80
13.98
16.25
35.12
22.75
12.33
6.17
14.50
13.70
39.71
22.67
11.94
6.25
18.50
15.67
37.25
20.80
11.50
38.12
24.33
11.67
8.03
37.56
24.75
11.33
8.51
$38.67
23.50
11.67
$34.75
21.87
10.67
41.25
24.25
13.25
41.50
22.75
12.50
40.88
22.83
12 .25
6.84
18.50
13.29
50.10
29.46
15.12
71.07
40.08
19.51
65.83
37.00
18.00
68.67
39.33
18.67
63.50
35.50
15.33
38.66
70.33
41.50
21.00
72.50
41.75
21.33
48. 33
32.25
25.83
14.17
45. 25
32.50
24.55
13.00
