WHOLESALE PRICES OF LUMBER.
23
Line Numbers Refer to Grades Listed on Page 20.
Line No.
FLORIDA.
SOUTH CAROLINA.
NORTH CAROLINA.
Line No.
Jan.,
Feb.,
Mar.
Apr., |
May,
June.
July,
Aug.,
Sept.
Oct.,
Nov.,
Dec.
Jan.,
Feb.,
Mar.
Apr.,
May,
June.
July,
i u :
Oct.,
Nov.,
Dec.
Jan.,
Feb.,
Mar.
Apr.,
May,
June.
July,
Aug.,
Sept.
Oct.,
Nov.,
Dec.
1
2
3
4
5
6
7
8
9
10
11
12
13
14
15
16
17
18
19
20
21
22
23
24
25
20
27
28
29
30
31
32
33
34
35
36
37
38
39
40
41
42
43
44
45
46
47
48
49
50
51
52
.53
54
55
56
57
.58
59
60
61
62
63
64
65
66
67
68
69
70
71
72
73
74
75
76
77
78
79
80
$38.00
26.00
$39.00
26.50
13.55
15.50
33.00
21.75
13.25
21.50
19.33
$38.50
25.25
16.33
$37.67
23.67
1
2
3
4
5
6
7
8
9
10
11
12
13
14
15
16
17
18
19
20
21
22
23
24
25
26
27
28
29
30
31
32
33
34
35
36
37
38
39
40
41
42
43
44
45
46
47
48
49
50
51
52
53
54
55
56
57
58
59
60
61
62
63
64
65
66
67
68
69
70
71
72
73
74
75
76
77
78
79
80
33.00
23.00
12.50
21.00
18.66
33.25
22.75
13.00
32.67
22.00
14.67
. . .
20.00
1
ii.25
29.75
11.70
7.50
40.88
28.63
11.83
7.08
40.14
28.86
11.14
7.25
40.85
28.57
11.14
7.00
/.
$36.14
31.29
20.93
16.14
11.07
22.17
. 4.12
3.33
$35.10
31.50
20.75
16.67
11.75
24.08
4.32
3.29
$35.38
30.75
20.42
16.00
11.00
$36.37
32.00
20.00
15.70
11.83
23.93
4.08
$34.75
31.25
22.00
15.50
12.75
$31. 87
24.25
16.25
11.38
19.83
3.17
$20.17
18.00
13.00
8.83
16.33
39.50
26.83
14.08
7.07
17.67
38.37
26.67
14.50
7.07
16.67
39.00
26.00
14.00
7.60
17.83
39.14
25.64
13.92
7.50
18.50
51.40
36.60
29.50
16.00
27 20
50.00
35. 56
28.17
15.44
50.00
35.50
28.43
15.14
50.14
36.33
27.71
15.00
19.66
19.83
13 17
12.00
