24
WHOLESALE PRICES OF LUMBER.
Line Numbers Eefer to Grades Listed on Page 20.
Line No.
TENNESSEE.
KENTUCETT.
VIRGINIA.
Line No.
Jan.,
Feb.,
Mar.
Apr.,
May,
June.
July,
Aug.,
Sept.
Oct.,
Nov.,
Dec.
Jan.,
Feb.,
Mar.
& r y ;
June.
July,
Aug.,
Sept.
Oct.,
Nov.,
Dec.
Jan.,
Feb.,
Mar.
Apr.,
May,'
June.
July,
Aug.,
Sept.
Oct.,
Nov.,
Dec.
l
2
3
4
5
6
7
8
9
10
11
12
13
14
15
16
17
18
19
20
21
22
23
24
25
26
27
28
29
30
31
32
33
34
35
36
37
38
39
40
41
42
43
44
45
46
47
4S
49
50
51
52
.53
54
55
56
57
5.S
59
)
61
62
63
64
65
*;
17
6H
19
70
71
72
73
74
75
76
77
78
79
98
$35.85
23.32
11.75
22.54
31.04
21.23
12.95
20.75
19.80
$38.31
24.22
14.40
21.38
30.54
21.42
13.27
21.75
19.48
$39.69
24.52
14.65
20.67
33.00
22.33
14.22
19.13
"23."83"
16.50
15.33
$38.40
23.93
11.85
23.27
31.83
22.00
13.00
21.25
20.11
27.00
17.25
19.67
$37.20
24.25
15.00
21.67
31.67
21.00
12.67
20.51
17.50
$37.21
24.86
17.20
22.00
33.00
21.75
12.33
20.50
20.00
$39.69
24.00
18.89
19.00
$38.10
23.58
15.00
$38.00
24.00
12.68
$38.50
23.50
16.00
$33.67
23.67
$37.33
23.25
11.00
1
2
3
4
5
6
7
8
9
10
11
12
13
14
15
16
17
18
19
20
21
22
23
24
25
26
27
28
29
30
31
32
33
34
35
36
37
38
39
40
41
42
43
44
45
46
47
48
49
50
51
52
53
54
55
56
57
58
59
60
61
62
63
64
65
66
67
68
69
70
71
72
73
74
75
76
77
78
79
80
31.67
21.67
11.60
21.13
31.50
20.50
10.75
18.33
20.00
11.33
19.87
21.50
20.06
24.33
19.67
13.33
12.90
11.75
38.61
26.36
11. 93
6.75
19.34
24.00
47.50
19.00
15.00
37.43
25.34
11.86
6.75
18.69
25.00
47.75
18.50
14.50
39.64
27.14
13.18
6.92
20.00
38.45
25.14
12.79
7.11
20.06
39.38
29.30
11.87
7.33
19.25
39.93
28.03
12.68
7.50
17.08
27 75
39.52
26.42
13.25
7.27
18.94
38.92
26.47
13.00
7.67
41.33
29.33
11.50
6.67
15.50
39.60
27.50
11.00
6.25
15.75
40.00
29.29
11.81
6.50
41.00
28.00
11.25
6.83
14.20
49.50
18.50
12.25
14.87
35.53
30.12
19.46
14.58
8.74
35.00
30.50
18.00
13.50
.
26.13
18.50
16.50
13.00
11.25
11.78
46.88
27.67
11.50
18.00
17.25
16.25
13.67
10.42
12.87
44.29
26.86
11.00
12.12
12. 17
51.67
31.25
12.00
11.27
46.25
28.88
11.00
49.22
28.55
14.21
25.10
48.33
30.75
21.50
22.75
23.33
17.33
16.15
23.67
16.67
16.40
15.05
15.00
37.46
24.28
13.10
6.77
20.39
52.41
31.68
17.09
28.33
62.71
38.42
18.56
34.50
49.03
35.97
27.00
15.84
28.33
14 33
36.15
24.43
12.61
7.18
19.53
49.93
30.11
15.46
38.30
24.80
13.24
7.13
21.10
53.81
31.22
16.67
33.00
65.60
38.54
18.81
40.00
48.32
35.70
26.22
14.85
28.27
38.43
24.31
13.17
7.50
21.71
51.33
31.40
17.25
28.95
66.40
38.50
19.38
40.50
48.47
35.88
26.76
15.01
28.29
39.38
25.13
14.57
7.75
18.37
51.38
32.75
18.88
28.50
67.30
41.33
22.25
39.68
26.00
15.41
8.98
19.24
.53.86
32.14
19.67
40.83
25.63
15.58
8.70
20.79
51.67
30.33
19.00
39.78
25.56
15.42
9.00
20.72
56.00
34.00
18.50
39.67
28.50
12.60
6.80
16.48
37.57
26.13
13.75
7.67
15.71
39.56
28.33
14.22
6.88
15.21
36.81
24.99
14. 15
8.27
16.00
64.07
37.95
17.98
35.80
47.48
37.26
25.98
14.87
28.00
66.75
42.00
22.25
69.30
41.68
22.41
65.00
38.71
23.33
47.23
35.80
27.92
16.82
27.56
47.89
36.40
28.83
16.84
28.00
49.79
37.91
28.43
16.79
28.40
50.16
36.76
29.33
16.83
25.75
48.08
36.00
27.46
17.04
25.84
47.38
35.00
27.33
15.21
48. 13
36.13
29.25
17.88
44.28
33.07
25.71
14. 75
16.87
