WHOLESALE PKICES OF LUMBER.
25
Line Numbers Refer to Grades Listed on Page 20.
t
1
1
2
3
4
5
(l
7
8
9
10
11
12
13
14
15
16
17
IS
19
20
21
22
23
24
25
2.1
27
28
29
30
31
32
33
34
35
3(1
37
38
39
40
41
42
43
44
45
46
47
4<
49
50
51
52
53
54
55
56
57
58
59
60
(11
(32
(13
(14
(15
66
07
68
<19
70
71
72
73
74
75
76
77
78
79
SO
WEST VIRGINIA.
OHIO.
INDIANA.
i
1
1
2
3
4
5
6
7
S
9
10
11
12
13
14
15
1C,
17
IS
19
20
21
22
23
24
25
26
27
2S
29
30
31
32
33
34
35
31
37
38
3t
40
41
42
43
44
4G
4(
47
4b
4!
50
51
52
53
54
55
66
57
68
M
(1C
(11
6!
a
CA
(It
(17
M
(1C
?,
T:
72
74
7. r
7(
77
7
7<
8f
Jan.,
Feb.,
Mar.
Apr., July,
May, Aug.,
June. Sept.
Oct.,
Nov.,
Dec. |
Jan.,
Feb.,
Mar.
Apr.,
May,'
June.
July,
Aug.,
Sept.
$43.67
29.70
17.86 '
25-00
33.00
22.67
15.20
20.40
Oct., ,
Nov., i
Dec.
Jan.,
Feb.,
Mar.
Apr.,
May,
June.
July,
Aug.,
Sept.
$40. 88
25.63
19.10
30.00
32.38
22.29
15.17
22.50
Oct.,
Nov.,
Dec,
141. 41
27.92
21.53
23.61
35.75
25.25
16.00
22.51
19.00
S43.71
28.93
21. 46 '
21.30
35.59
25.43 i
10.40
22.71
18. 17
21.50
16.50
11.60 ;
31.42 i
21. 08
11.00
18. 58 i
16.64
42.53 i
30.89
13.00
8.45
13.58
543.46
28.71
19.15
25.85
34.06
25.66
17.13
22.20
18.50
$41.50
27. 11
"~23.'56"i
37.00
26.33
16.33
22.54
17.83
$42.20
30.71
21.17
25.25
31.33
23.75
16.33
21.25
20.93
{42.00
28. 56
16.50
26.50
31.75
22.66 ,
15. 16 !
21.12
21.71
$40.21
26.07
18.67
25.00
30.00 l
20.25 i
15.25 !
20.50 ;
S39. 55
25.24
18.27
24.00
30.82
22.45
15.83
21.88
22.00
21.28
17.08
15.89
$40.00
25.16
19.25
26.86
32.00
22. 38
15.83
21.38
22.33
22.67
17.10
17.63
$39.97
24.91
18.50
25.00
32.05
22.15
14.58
23.42
21.43
17.50
14.44
21. 80
17.20
14.83
22.60
16.67
16.56
22.86
17.28
17.13
"12.78
34.25
23.17 ;
12.33
18.79
17.08
44.50
32.55
13.20 .
8.44
15.75
"ii'ie'
30.00
20.88
12.75
18.50
16.25
44.70
32.18
13.41
8.56
14.00
19.00
16.67
"i6."93"
ii.36
31.25
21. 00
10.88
18.09
15.63
43.13
31.26
13.00
8.04
15.08
37.20
27.50
16.00
9.00
17.50
41.17
28.56
16.25
39. GO
26.83
15.40
13.33
19. 33
37.40
24.50
15.00
11.33
19. 16
.
41.00
"ie.'ss"
27.00
15.25
19.75
30.50
19.25
13.75
19.33
19. 33
18.00
37.57
29.00
18.50
22.13
16.33
17.83
18.25
20.25
15.67
20.00
19.00
24.44
17.93
18.86
20.66
1 23.46
! 20.66
20.25
22.75
19.50
18.50
24. 75
16. 75
16.37
21.21
17.50
18.57
24.82
19.45
18.33
31. 33
22.50
20.17
18.25
10.50
17.00
49.14
31.55,
19.75
29.00
25.40
19.44
19.17
22.75
16.08
47.54
30.42
18.75
31.58
25.70
19. 56
20.09
24.67
i 17. 10
50.47
32. 62
20.37
31.25
27.79
19. 73
i 20.28
21.25
15.00
19.35
j 18. 75
40. 87
25. 24
17. 19
12. 40
24. 40
54.15
1 33.55
19. 50
50.91
28.75
21.66
27.40
27.00
20. 25
19.00
18.83
51.25
"26.' 66'
24.95
25.63
18.32
18.66
21.86
49.50
30.57
18.90
23.25
26.13
19.71
17.30
23.40
48.58
29.75
17.50
31.10
25.87
18.00
19.00
19.50
13.33
46.64
28.87
18.17
27.94
25.93
19.73
18.29
20.42
14.00
18.75
18.75
40.51
26.07
17.36
12.78
' 23.00
51.00
; 33. 44
19. 36
27. 67
17.00
22.80
29.00
19.87
15.74
23.00
22.11
26.14
17.29
14.61
22.10
7.66
15.75
15.00
42.79
30.73
17.13
8.23
21.91
49.50
33.50
18.12
23.00
26.25
18.06
15.69
24.00
7.25
16. 50
15.13
43.28
30.81
17.53
8.43
22.75
21. CO
27.35
18.07
15.42
25.50
8.10
19.25
16.20
45.65
32.35
17.60
8.25
21.00
56.25
35.25
20.67
16.83
16.08
44.07
31.47
17.54
8.42
20.42
19.25
13.13
42.75
28.14
20.91
12.10
21.00
53.86
33.00
20.50
19.00
18.44
41.32
27.10
17.92
10. 67
25.40
54.86
35.17
21.04
17.70
18.00
41.67
27.43
17. 77
11.13
28.20
54.00
! 34. 64
19.29
17.17
41.34
27.67
19.17
11.33
22.17
55.00
32.33
20.17
17.67
73.29
42.92
25.50
17. 25
43.71
28.93
20. 56
13.64
15.42
41.75
27.40
19.70
13.64
21.78
;
52.00
33.00
20.00
18.38
72.50
43.20
23.25
74.50
45.33
23.33
73.67
45.50
23.75
73. 56 68. 87
45.81 43.50
26. 14 23. 00
70.65
' 41. 61
' 23.79
70.36
42.27
23.50
70.36
43.05
23. 36
70.91
42. 81
24.00
43.33
51.25
38.15
! 34.20
20.43
26.90
50.05 52.20
35. 44 38. 70
32. 00 33. 40
20.81 21.55
26. 25 ; 27. 42
53.00
40.07
33.57
21.37
26.00
49.00
37.52
29.55
21.52
25.10
52.43
1 40.14
32.44
20.60
25.00
51.87
38.80
32.00
21.60
51.80
36.60
, 31.33
20.40
26.75
I 50.11
i 37. 53
28.71
17.58
27.14
50.21
38.20
31. 32
19.33
50.79
39.83
29. 4C.
18.90
51.05
38.83
28.50
18. 50
