26
WHOLESALE PRICES OF LUMBER.
Line Numbers Refer to Grades Listed on Page 20.
Line No.
ILLINOIS.
MICHIGAN.
WISCONSIN.
Line No.
Jan.,
Feb.,
Mar.
Apr., July,
May, Aug.,
June. Sept.
Oct.,
Nov.,
Dec.
Jan.,
Feb.,
Mar.
Apr.,
May,
June.
July,
Aug.,
Sept.
Oct.,
Nov.,
Dec.
Jan.,
Feb.,
Mar.
Apr.,
M^;
June.
July,
Aug.,
Sept.
Oct.,
Nov.,
Dec.
1
2
3
4
5
8
7
8
y
10
11
12
13
14
15
1C,
S
iy
20
21
22
23
24
25
20
27
28
2y
30
31
32
33
34
35
30
37
38
39
40
41
42
43
44
45
40
47
48
49
50
51
52
53
54
55
50
57
g
60
01
02
13
04
05
66
07
B8
O'J
70
71
72
73
74
75
w
g
. . $41. 25
$40.67
28.67
25.78
22.29
36.19
26.38
14.83
24.32
19.80
23.20
15.83
13.51
34.45
21.73
14.50
22.56
16.71
$38.66
24.75
24.90
20.37
34.78
24.78
16.01
24.23
21.12
23.66
18.20
13.03
34.40
21.73
14.44
22.54
17.73
$35.93
24. 06
22.10
18.80
33.65
23.09
13.68
22.58
19.80
$37. 53
22.84
22.20
18.91
34.03
23.47
13. 69
22.65
19.20
$37.30
23.81
21.49
18.88
34.19
22.59
13.19
22.13
19.45
$35.90
23.07
22.52
18.35
33.36
22.23
14.48
22.00
17.66
1
2
3
4
5
6
7
8
9
10
11
12
13
14
15
16
17
18
19
20
21
22
23
24
25
26
27
28
29
30
31
32
33
34
35
36
37
38
39
40
41
42
43
44
s
47
48
49
50
51
52
53
54
55
56
57
58
59
60
61
(52
63
64
65
08
69
70
71
72
73
74
75
76
77
78
79
80
I 25.00
17 38
$25.24
20.57
37.11
26.67
17.73
25.07
18.53
22.00
15.93
12.91
35.25
20.73
13.60
22.77
18.14
$25.75
24.26
37.40
24.00
17.00
23.71
21.23
21.50
17.75
13.07
33.33
19.00
12.00
21.85
17.27
13.67
33.84
20.10
11.46
20.93
17.72
12.88
34.28
19.52
11.50
20.72
17.44
13.17
34.41
19.14
11.25
20.53
17.08
13.42
34.34
19.29
11.33
21.00
15.60
32.00
23.62
22.54
20.33
23.58
19.63
18.32
32.70
23.80
22.44
20.00
25.00
19.77
17.71
34.20
28.80
22.40
17.85
26.00
19.38
15.33
31.80
29.00
22.26
17.32
26.00
19.34
15.60
23.33
25.50
23.56
24.00
23.82
29.33
25.00
18.38
29.00
23.65
20.34
23.20
17.77
24.20
19.51
$14. 50
$17.33
46.40
32.00
24.38
51.66
$26.00
30.88
28.74
20.95
19.09
28.09
20.31
19.08
28.76
21.25
19.13
28.00
21.08
17.10
24.79
17.37
14.88
17.83
7.69
16.18
14.93
40.67
30. 39
19.38
9.05
24.50
25.43
17.48
15.91
18.88
7.56
15.68
14.67
44.77
31.88
22.93
9.22
27.13
26.68
17.52
16.02
21.58
7.58
16.05
14.25
45.22
31.65
18.69
9.11
27.49
26.27
17.38
14.26
20.56
7.37
16.44
13.70
45.45
30.34
18.83
8.45
22.36
7 58
8.12
17.98
14.60
8.33
18.20
16.16
17.84
16.25
38 00
18.38
14.08
37.15
24.50
15.06
'i9.~67"
38.00
23.67
15.00
10.00
19.23
40.60
27.50
16.13
12.67
24.50
i9.i7
10.33
10.00
'
.
N
17.67
i
