WHOLESALE PRICES OF LUMBER.
27
Line Numbers Kefer to Grades Listed on Page 20.
IOWA.
PENNSYLVANIA.
NEW YORK.
NEW
JERSEY.
1
1
2
3
4
5
6
7
8
iS
11
12
13
14
15
16
17
18
19
20
21
22
23
24
25
26
27
28
29
30
31
32
33
34
35
36
37
38
39
40
41
42
43
44
45
46
47
48
49
50
51
52
53
54
55
56
57
58
59
60
61
62
63
64
65
66
67
68
69
70
71
72
73
74
75
78
77
78
79
80
July,
Aug.,
Sept.
Oct.,
Nov.,
Dec.
Jan.,
Feb.,
Mar.
Apr.,
May,
June.
July,
Aug.,
Sept.
Oct.,
Nov.,
Dec.
Jan.,
Feb.,
Mar.
as-
June.
July,
Aug.,
Sept.
Oct.,
Nov.,
Dec.
July,
Aug.,
Sept.
Oct.,
Nov.,
Dec.
$36.75
24.00
19.00
23.88
$37.50
27.50
22.00
24.7o
$36.58
$39. 71
29.33
21. 00
22.58
32.20
20.00
19.80
23.26
22.56
20.50
16.67
14.67
34.75
24.50
13.00
$46.00
31.33
23.37
24.11
37.50
26.33
20.00
22.67
22.00
22.75
16.67
14.50
36.50
26.58
14.50
$46.00
26.00
$40.14
26.67
$26.48
25.25
31.00
24.70
33.00
"i9."67~
20.44
22.63
23.83
17.00'
14.43
35.88
23. 79
13.67
18.67
23.70
34.20
25.60
19.50
21.23
21.07
23.60
19.30
14.11
34.68
22.62
12.25
23.00
22.17
18.33
14.56
13.58
21.75
23.50
20.00
21.75
21.50
22.71
23.00
15.54
14.96
15.39
20.00
20.00
18.80
37.56
25.00
16.00
12.50
16.50
20.15
"is." 56'
15.25
17.69
20.75
36.00
26.40
16.70
16.37
37.50
27.83
16.75
11.00
20.88
42.00
i7."66
20.66
43.50
32.00
20.92
18.16
43.00
"$31."25'
$38.33
17.45
17.37
18.00
20.50
19.20
20.50
23.50
25.00
|
$17.50
$18.00
22.50
18.00
17.17
17.00
17.67
19.50
21.50
45.00
51.25
35.67
37 20
53.33
54 17
25.00
25.33
24.40
22.38
15.42
16.80
23.00
27.50
28.00
22.71
17.64
21.50
26.50
26.00
16.67
17.20
21.50
27.15
38 75
24.56
17.33
19.50
26.90
19.10
17.39
26.33
18.63
19.36
27.66
17.28
19.26
17.25
19.50
1C. 83
16.75
36.56
25.78
19.36
10.40
13.00
36.33
27.43
19.50
16.50
34.50
26.14
16.00
16.42
42.64
30.50
20.14
15 25
16.50
17.81
16.20
43.00
98 as
43.33
20.43
21.50
22.18
21.57
23.66
22.88
25.20 ; 23.78
30.00
30.00
' '
24 12
23. 50
22.35
22.17
