WHOLESALE PRICES OF LUMBER.
29
Line Numbers Refer to Grades Listed on Page
6
jz;
c
3
i
a
3
4
5
ti
7
B
B
10
11
12
13
14
15
16
17
18
19
20
21
22
23
3
26
27
28
29
30
31
32
33
34
35
36
37
38
39
40
41
42
43
44
45
46
47
48
49
.50
51
52
53
54
55
56
57
58
59
60
61
62
63
64
65
66
67
68
69
70
71
72
73
74
75
76
77
78
79
80
VERMONT.
MAINE.
RHODE
ISLAND.
GA.
MD.,
DEL.
Line No.
Jan.,
Feb.,
Mar.
Apr.,
May,
June.
July,
Aug.,
Sept.
Oct.,
Nov.,
Dec.
Jan.,
Feb.,
Mar.
Z:
June.
July,
Aug.,
Sept.
Oct.,
Nov.,
Dec.
&7
June.
Oct.,
Nov.,
Dec.
i&
June.
Oct.,
Nov.,
Dec.
1
2
3
4
5
6
7
8
9
10
11
12
13
14
15
16
17
18
19
20
21
22
23
24
25
26
27
28
29
30
31
32
33
34
35
36
37
38
39
40
41
42
43
44
45
46
47
48
49
50
51
52
53
54
55
56
57
58
59
60
61
62
63
64
65
66
67
6S
80
70
71
72
73
74
75
76
77
78
79
80
$17 00
$19. 42
27.50
20.00
$20. 84
27. 75
20.00
21.40
28.33
20.00
$19. 36
$16.25
22.00
20.00
19.38
19.70
18.75
18 67
19.33
19.30
20 33
18.75
19.44
18.00
15.00
i5. 57
25.00
15.32
26.67
25.00
14.75
31.75
24. 33
15.85
$13. 67
22.66
15.78
17.89
15.89
17.32
$15.50
$18. 87
18.33
$17.00
14.00
15.83
16.67
18.33
15.12
28.38
26.75
25.00
30.33
23.67
16.85
27.00
17.35
17.11
17.83
14.25
20.37
20.50
20.66
$19.53
20.67
21.25
25.00
21.00
$52.50
30.50
14.50
20.00
18.63
