WHOLESALE PRICES OF LUMBER.
California.
Oregon.
Washington.
Idaho.
Montana.
Colorado.
$16 96
1
2
12 88
?
3
3
4
1 81
4
5
1 51
B
Q
12 52
6
7
$24 83
22 00
7
g
20 28
18 47
8
9
13 42
13 29
q
10
20 60
19.26
10
11
15 30
13 67
.
11
T>
8.66
8.12
12
13
12 17
12 48
13
14
9.45
9.15
14
15
8 74
8 59
15
16
1.30
1.28
16
17
11 14
10 99
$10 92
17
IS
9.67
7.50
10.83
18
19
19
>n
9 83
16.42
20
21
19 38
21
r>
17 83
22
??
7 14
23
?1
8 17
24
?5
12.33
25
?6
8 50
26
97
19 33
$16 75
27
?8
19.56
W
W
17.19
29
SO
11 67
13.00
30
31
8.80
11.33
10.19
3H
3?
1.62
3?
33
10.69
12.08
33
34
34
35
3fi
36
36
37
37
38
35 75
3S
39
24.33
39
40
40
41
41
4?
13 50
-P
43
18 00
13.73
43
44
$31 50
44
45
34 17
45
46
25 90
46
47
19 50
47
48
16 10
is
49
$25.30
23.42
49
50
16.28
16 25
50
51
14.13
12 83
13 63
51
5?
9 00
14 83
*>*>
53
2.50
53
54
12 27
13 15
13 10
54
55
21.98
55
56
18.07
56
57
12.62
57
58
10.13
58
59
10.00
59
60
1.34
60
61
.85
61
62
13.76
6?
63
15 75
63
64
29.43
64
65
29 00
65
66
16 10
66
07
9 90
67
68
13. 75
K
