WHOLESALE PBICES OF LUMBER.
Texas.
Ar-
kansas.
Louisi-
ana.
Missis-
sippi.
Ala-
bama.
Mis-
souri.
Flor-
ida.
Geor-
gia.
South
Caro-
lina.
North
Caro-
lina.
Ten-
nessee.
Ken-
tucky.
Vir-
ginia.
1
1
)
?,
}
3
4
5
5
t;
6
-
7
\
8
t)
9
10
10
11
11
13
13
13
1 1
$13. 69
14
|-
$21.46
$21.45
22.80
15
iti
17.47
18. 02
18.50
16
17
12.17
11.91
12.42
17
u
13.10
13.31
15.90
- 18
](l
23.67
24.72
19
'It
21.67
20.33
20
''1
11.50
11.85
12.95
21
>.)
13.30
13.51
12.71
22
>'l
23
>\
24
'),-
25
>li
26
27
27
2g
28
29
29
'!()
30
'M
31
82
32
>>
33
'M
19. 67
$20. 00
19. t;7
34
35
127 62
$27 81
$27 82
$28 25
$28 40
35
'ili
10 93
10 84
10 69
10 08
10 64
36
''7
11 00
11 71
11 30
11 17
11 22
37
38
19 28
18 54
18 62
18 93
18 <*3
$20 00
38
;<)
23 92
23 98
22 63
21 79
21 81
3q
40
11 95
11 60
11 51
12 00
12 06
15 3 9
40
11
13 84
14 50
14 38
15 27
15 31
15 88
41
1 L)
11 34
11 13
11 79
12 43
12 81
13 00
4?
13
12 43
11 87
11 82
12 70
13 24
43
1 1
13 00
12 58
12 27
12 38
13 21
44
u
22 17
21 19
21 00
22 75
19 75
45
li
14 40
14 25
15 00
16 50
16 41
46
17
1 75
1 71
1 89
1 70
47
-I 4 -'
13 52
13 87
13 89
14 05
13 49
11 40
13.58
48
10
$21 60
49
r )l)
50
"il
51
S3
35.00
5?
v
28 88
53
M
$21.00
19.39
54
M
16 00
18 83
55
M
11.33
13.19
56
^7
12 42
13 68
' 57
r )S
14 91
15 68
FH
18 50
18 65
r <?
f)0
21 33
21 46
ro
fil
24 33
25 45
fil
6'>
13 56
14 05
6?
fi''
63
61
64
65
65
66
ffi
f>7
67
f>S
*
68
60
69
70
70
71
71
72
7?
73
73
74
74
7"i
75
76
76
77
77
7S
78
70
79
SO
80
