WHOLESALE PRICES OF LUMBER.
11
West
Vir-
ginia.
Mary-
land.
Penn-
sylva-
nia.
New
York.
New
Hamp-
shire.
Ver-
mont.
Maine.
Massa-
chu-
setts.
Con-
necti-
cut.
Minne-
sota.
Wis-
consin.
Michi-
gan.
1
$18 44
$15 91
$16 32
1
1
17.13
17 16
9
3
is. 75
16 97
16 61
3
4
16.22
17.00
4
5
3 33
3 54
<i
6
16 60
12 85
13 19
Q
7
18.10
$ie. 96
14.33
7
|
18 75
$18 67
g
q
$17.50
q
10
18 80
16 25
10
11
11
1?
17 50
16 83
16 25
$17 00
12
13
$6 42
13
14
15.00
$17. 39
16.60
15.25
15 42
15.00
$15. 08
15 00
14
IS
15
16
16
17
17
18
18
IP
iq
?0
20
?1
>1
99
22
?3
$54 33
56 14
93
94
46 30
46 50
24
?,5
47.50
48 00
?5
%
28 93
24 17
24 05
26
?7
23.65
24.91
97
?8
26 88
26 71
22 17
23 43
9q
oq
20 14
23 30
20 39
20 83
29
30
14 75
14 08
13 73
13 50
30
31
24.80
25.71
31
3?,
3 53
3 58
3 55
39
33
3 30
3 24
3 00
33
34
21.00
22 04
17 28
18 63
18 97
17 00
19 19
19 00
20 57
22 18
34
35
35
36
36
37
37
38
38
39
30
40
40
41
41
4?,
49
43
43
44
44
45
45
46
46
47
47
48
48
49
49
50
50
51
51
5?
59
53
53
54
54
5,5
55
56
56
57
57
58
58
59
59
60
60
61
61
6?
62
63
21.80
19.58
63
64
23 50
20 73
64
65
65
66
20.30
22.25
17 88
66
67
22.50
19.45
67
68
3.22
68
69
17 88
18 04
17 70
69
70
18.83
70
71
29.75
71
7?
20.13
79
73
15.33
73
74
74
75
17.79
75
76
18.81
76
77
19.83
77
78
20.85
78
79
15.63
79
80
17.22
80
