WHOLESALE PEICES OF LUMBER.
13
Arkan-
sas
Loui-
siana.
Missis-
sippi.
Ala-
bama.
Mis-
souri.
Texas.
Flor-
ida.
South
Caro-
lina.
North
Caro-
lina.
Ten-
nes-
see.
Ken-
tucky.
Vir-
ginia.
West
Vir-
ginia.
1
35 67
35 60
34.25
35.42
$36.85
37.50
$39.34
1
2
}0 44
19 40
20 75
22.07
23.38
26.00
27.83
2
3
11 11
11 25
11.67
12.17
13.88
13.33
13.38
3
4
20 33
4
5
30.83
32.00
35.50
5
g
21.00
21.75
24.80
6
7
12. 25
12.25
16.25
7
g
19.50
21.67
19.90
21.87
8
9
17.17
16.67
19.87
9
10
10
11
14.25
11
12
13.50
10.80
11.28
12
13
13
14
14
15
15
16
18.94
16
17
16.79
17
18
'
$38. 83
36.45
38.00
41.78
42.92
18
19
27.33
25.73
25.55
30.11
31.34
19
<>()
10.
11.64
14.11
11.50
13.36
20
?1
6.67
7.88
6.92
8.31
21
y>
18.36
15.47
16.00
14.71
22
3
23 80
22 75
23
94
47 25
45 13
24
25
21 00
18 31
25
26
16 40
13 43
?,6
9 7
27
?8
33 00
33.49
$34. 70
28
29
28 25
28 81
|9g 19
29 60
29
30
1C Of)
17 34
18 06
20 00
30
31
3?
13.13
9.30
14.20
8.67
14.06
10.17
15.00
11.20
31
32
33
19 00
19 69
16.38
33
34
4.08
34
35
2 40
2 46
3.17
35
36
36
37
37
38
38
39
39
40
40
41
15 67
41
4?
18 83
$16.00
12.33
42
43
28 00
31 43
31.00
43
44
17 18
19 50
18 00
44
45
15 44
16 79
16.20
45
46
47
11.15
8 42
12.00
8 58
11.70
9.40
12.50
10.50
$11.33
9.00
46
47
48
12 56
11 08
12.44
$13.50
10 97
11.33
12.58
48
49
45 00
47.25
49
50
24 25
30.00
26.50
50
51
15.00
13.75
16.00
51
52
20.90
15.33
21.50
52
53
27.75
53
54
17.86
54
55
15.33
55
56
22.33
56
57
57
58
18.75
58
59
13.00
14.33
59
60
38 82
37 75
38 50
34 00
35 25
38 17
37.33
38.50
38.82
43.82
60
61
21.63
20 25
21.42
20.83
23.25
25.50
23.19
25.46
26.32
32.00
61
62
11.28
10.56
11.17
10.33
11.00
10.67
13.75
12.87
14.08
14.55
16.85
6?,
63
5.11
6.00
7.60
6.35
8.67
8.00
8.38
63
64
20.50
22.33
14.75
20.54
18.30
19.05
19.17
64
65
48 40
49.40
47.80
52.75
65
66
28 20
28 40
28.29
32 33
66
67
15 00
15.50
16.81
16.67
67
68
27.00
68
69
65 96
66 66
65.60
63.00
64.60
67.33
69
70
36 59
38 33
37 17
34 67
37.29
39 80
70
71
17.94
19.67
16.75
15.33
17.56
19.50
71
79
38 33
35 08
72
73
44.00
49.33
47.11
49.00
47.75
51.64
73
74
75
30.00
33.00
23.67
36.00
27.58
35.27
25.55
36.75
27:71
36.75
27.00
37.38
32.14
74
75
76
13 33
14 58
14 18
16 80
16.56
19.75
76
77
78
"ig 66
19 53
21.83
25.08
22.96
23.41
77
78
79
13.67
14.06
79
SO
13 39
80
