WHOLESALE PRICES OF LUMBER,
15
Ohio.
Indi-
ana.
Illi-
nois.
Mich-
igan.
Wis-
con-
sin.
Penn-
syl-
vania.
New
York.
Con-
necti-
cut.
Massa-
chu-
setts.
New
EJ amp-
shire.
Ver-
mont.
tfaine.
Min-
ne-
sota.
1
?
136.67
28.80
37.21
24.14
$24.67
40.71
27.64
536.62
23.49
40.00
24.67
543.40
27.64
23." 75'
24.' 26"
26" 66"
1
2
}
16 33
16 41
18. 14
13.92
17.33
3
4
22 80
21 51
17 10
22 38
21 00
18.17
18.50
i. 67
21.43
4
i
31.20
31.19
35. 96
33.94
35.00
5
6
21 25
22 78
24 61
23 20
24 50
25.67
25.50
6
7
14.75
15.71
16.05
14.90
7
s
23 17
23 88
22 92
20.67
23. 32
20.80
21.80
8
q
18.67
18.67
19.17
18.33
16.67
20.33
17.00
18.30
14.33
9
10
21 90
25 00
23.88
10
11
17.80
16.95
17.18
16.33
ie. ii
16.67
18.00
19.00
20.67
11
T>
14.00
16 65
13.42
11 50
13.38
14.50
14.08
13.83
14.25
12
13
36 83
34 73
35 40
13
14
22 71
19 50
I
21 20
22 25
14
1*)
15 80
11 28
13 50
15.00
15
16
22.76
21.20
22.38
20.25
22.67
16
17
17 81
17 49
17.50
17 38
15.21
13.75
16.07
17.36
17
IS
35.00
39.75
18
19
28 33
22 83
26. 67
19
?*)
17.25
16.67
?,0
?1
14 00
21
?V!
15.92
17.25
17.46
18.40
18.17
22
?3
27 10
23
24
74
?5
25
26
?6
27
16.13
17.88
27
28
?8
?9
29
30
30
31
31
32
32
33
33
34
34
35
35
36
35 67
33 14
36
37
27.33
23.00
37
38
22.75
25.83
22.30
38
39
17.35
39
40
22.50
24.07
30.50
26.50
25.00
40
41
21.38
25.97
19.97
41
4?
15 75
17 40
17 50
15 64
19 7
16 67
42
43
43
44
44
45
45
46
46
47
47
48
48
49
48.88
49.20
43.75
49
50
28.67
31.27
35.00
50
51
18.17
19.71
51
52
29.11
24.75
20.08
22.67
22.00
17.50
52
53
26.00
25.82
29.81
26.12
26.13
29.00
53
54
17.67
20.32
21.80
17.77
19.00
20.42
20.00
1 23.66
54
55
17.40
18.00
16.72
14.71
16.32
16.35
16.17
16.13
16. 38
17 20
55
56
21.79
22.25
21.00
56
57
13.00
12.62
7.36
57
58
19.33
20.00
18.63
16.74
19.33
18.67
58
59
16.38
17.00
13.46
13.15
15.93
14.17
13.63
13.25
59
60
39.00
39.73
43.33
36. 38
60
61
27.50
26.67
26.67
28.86
27.89
29.00
26.75
27.40
26 00
61
62
19.28
17.12
18.86
21.23
"
62
63
12.42
10.78
8.32
13.33
63
64
23.88
20.33
19.63
22.00
19 17
21 17
19 06
18 39
19 50
19 75
$24 00
20 67
64
65
53.67
65
66
33.50
66
67
18.20
67
68
'
34.00
68
69
65.00
70.82
69
70
40.13
41.53
70
71
22.33
22.55
71
72
7?
73
73
74
38.32
74
75
29.75
75
76
19.14
76
77
22.50
77
78
78
79
79
;80
80
