EECOED OF WHOLESALE PEICES OF LUMBER.
California.
Oregon.
Washington.
Idaho.
Montana.
Colorado.
1
$19 35
1
?
18.67
?,
3
2.72
3
4
2 29
4
5
2.00
5
fi
16 37
g
7
$27.25
26.63
7
s
23 93
23 01
8
9
16.91
15.61
9
10
22 00
21 21
10
11
17.00
17.38
11
1?
10 06
9.85
$ii. si
17!
1?
16 33
15 23
13
14
10 67
10.80
14
I 1 )
9 35
9 42
15
16
1.83
1.63
16
17
$12 75
12 68
12 28
12.67
17
18
8.64
10.44
18
19
19
?n
9.33
20
?1
22.80
?1
?fl
23.13
22
?3
9.50
23
24
9.33
9.21
24
?5
?5
?6
10 83
26
?7
20.33
$19.00
?7
?8
23 42
W
?9
18.58
18.70
?,9
30
10 13
15 53
30
31
10.45
14.18
31
3?
1 28
3?
33
12.77
12.98
33
34
34
35
35
36
18.06
36
37
,37
38
35.79
38
39
24 50
39
40
23.90
40
41
20 34
41
4?
16.38
4?!
43
18 75
43
44
35.00
44
45
38 63
45
46
31 75
46
47
23 00
47
48
20 36
48
49
24.77
26.25
25 20
49
50
15.88
17 12
16 92
50
51
14.01
13.98
13.64
51
5?
14.33
11 92
$14. 00
R?
53
2.08
2.19
53
54
13.45
13 75
54
55
23.33
55
56
18.17
56
67
15.20
57
58
11.90
58
59
59
60
1.87
60
61
1.48
61
62
14.33
M
63
18 33
63
64
30.67
64
65
27 67
65
66
17.67
66
67
11 50
67
68
14.08
68
