RECORD OF WHOLESALE PRICES OF LUMBER.
1
2
3
4
5
6
7
8
9
10
11
12
13
14
15
16
17
18
19
20
21
22
23
24
25
26
27
28
29
30
31
32
33
34
35
36
37
38
39
40
41
42
43
44
45
46
47
48
49
50
51
52
53
54
55
56
57
58
59
60
61
62
63
64
65
66
67
68
69
70
71
72
73
74
75
76
77
78
79
80
Texas.
Ar-
kansas.
Louisi-
ana.
Missis-
sippi.
Ala-
bama.
Mis-
souri.
Flor-
ida.
Geor-
gia.
South
Caro-
lina.
North
Caro-
lina.
Ten-
nessee.
Ken-
tucky.
Vir-
ginia.
1
2
3
4
5
6
7
8
9
10
11
12
13
14
15
16
17
18
19
20
21
22
23
24
25
26
27
28
29
30
31
32
33
34
35
36
37
38
39
40
41
42
43
44
45
46
47
48
49
50
51
52
53
54
55
56
57
58
59
60
61
62
63
64
65
66
67
68
69
70
71
72
73
74
75
76
77
78
79
80
$14. 80
$14.47
$22.19
18.20
12.38
13.80
25.00
$22.63
18.20
12.75
14.80
25.97
22.83
12.90
14.63
12.00
14.16
13.67
$30.20
12.40
13.42
21.82
24.63
15.75
16.70
13.99
15.17
13.95
23.89
17.38
$30.83
12.31
13.12
20.44
25.97
14.78
16.50
14.19
14.82
15.23
23.72
16.90
2.03
15.95
$30.55
12.14
13.17
20.85
24.84
15.52
16.09
13.93
14.64
14.23
23.70
17.15
1.84
15.87
$30.56
11.69
13.50
21.25
24.90
15.91
17.66
14.37
14.45
14.55
24.33
$3015
11.10
12.53
19.71
23.43
14.20
17.44
13.18
14.21
16.83
$21. 75
25.00
16.25
16.50
14.75
16.75
1.88
15.64
1.90
15.12
15.32
15.75
$22.66
$19. 38
21.25
20.33
16 00
14.50
14.20
15.63
20.50
24.17
15.90
19.83
24.13
27.38
15.06
