BECOKD OF WHOLESALE PRICES OP LUMBEE.
11
West
Vir-
ginia.
ISSL
Penn-
sylva-
nia.
New
York.
New
Hamp-
shire.
Ver-
mont.
Maine.
Massa-
chu-
setts.
Con-
necti-
cut.
Minne-
sota.
Wis-
consin.
Michi-
gan.
1
$17.84
$16.91
v>
19 22
18 67
?
18 75
17 44
4
18.09
17 91
>i
3 48
3 81
6
13.02
12.79
7
$17. 40
$18 67
$ie 75
$16 83
8
17.00
18.67
16.67
q
20.20
10
$17.60
17.38
19.25
11
I 9
17 00
$18 93
18 25
17 50
19 00
16 75
$19 00
13 67
13
10.00
9 67
10.80
14
14.53
15.11
15 08
14 67
14 42
314 67
15
16
17
18
19
?0
9 1
22
93
$53 20
55 30
?4
46.50
48.09
?*)
48 81
?6
23.13
23.56
28.33
?7
24 17
25 10
>8
22 00
24 50
22 20
23 61
"
?9
21.13
21 46
25 67
30
19.88
15.14
15.79
31
26.17
25.71
28.50
3?
3 a
3 88
3 81
4 12
33
3.26
3.55
3.67
34
21.00
20.29
17.96
17 70
16 71
16 75
19 44
19 85
21 73
35
36
37
38
39
40
41
49
43
44
45
46
47
48
49
50
51
BB
53
54
55
56
57
58
59
60
61
6?
63
19,94
64
21.66
21.33
22.32
65
19.72
66
18.67
17 89
67
18 89
68
3 23
69
19 00
19 20
18 09
19 00
70
20.00
71
30.00
7?
21.13
73
16.63
74
11.50
75
18.80
76
18.67
77
20.17
78
22.67
79
80
