BECOBD OP WHOLESALE PBICES OF LUMBEE.
13
1
2
3
4
5
6
7
8
9
10
11
12
13
14
15
16
17
18
19
20
21
22
23
24
25
26
27
28
29
30
31
32
33
34
35
36
37
38
39
40
41
42
43
44
45
46
47
48
49
50
51
52
53
54
55
56
57
58
59
60
61
62
63
64
65
66
67
68
69
70
71
72
73
74
75
76
77
78
79
80
U-kan-
sas.
oui-
lana.
Missis-
sippi.
Ala-
ama.
Mis-
souri.
texas.
Flor-
da.
outh ]
Caro-
ina.
^orth
Caro-
lina.
'en-
nes-
see.
Ken-
ucky.
Vir-
nia.
West
Vir-
inia.
1
2
3
4
5
6
7
8
9
10
11
12
13
14
15
16
17
18
19
20
21
22
23
24
25
26
27
28
29
30
31
32
33
34
35
36
37
38
39
40
41
42
43
44
45
46
47
48
49
50
51
52
53
54
55
56
57
58
59
60
61
62
63
64
65
66
67
68
69
70
71
72
73
74
75
76
77
78
79
80
37.53
23.03
11.85
7.00
20.08
0.50
8.67
35.00
23.25
11.33
9 00
7 42
41.63
1.60
8.40
6.40
24.67
2.67
3.08
2.63
25.40
15.71
19.75
27.67
1.67
3.00
3.00
3.33
2.14
1.55
2.56
0.69
7.00
22! 33"
2.33
2.33
1.33
1.38
22 "is"
12.67
11.50
19.40
42.17
29.83
11.58
7.30
40.47
27.02
12.81
8.16
18.44
41.20
28.10
14.33
9.25
41.80
30.60
12.10
7.30
16.40
43.73
32.19
13.95
9.22
17.25
26.43
47.14
21.50
16.00
23.80
43.80
19.40
15.50
20 62
27.25
44.75
20.25
15.25
34.50
29.04
18.36
13.08
8.91
19.63
35.28
30.27
18.07
15.23
9.70
20.62
3.46
36.17
31.50
21 17
16.08
12.33
18.13
2.65
16.33
18.50
15.67
30.33
17.97
16.94
12.22
10.29
13.47
50.13
26.57
12.00
31.67
30.38
17.75
16.40
11.08
8.60
14.67
33.33
19.50
17.50
13.50
11.00
$11.83
51.00
25 67
10.00
22 33
22 00
20.33
28.83
19.00
17 00
16.83
15.83
20.67
17.00
18.00
15.50
15.11
39.02
25.43
13.75
8.14
20.75
51 00
41.77
23.95
12.89
6.77
20.50
51.75
29.25
15.63
34.33
68.23
40-85
20.67
44.74
40.57
21.67
10.75
6.00
21.25
42.83
23.86
13.50
40.60
26 80
41.00
27.80
15.80
8.67
43.60
28.13
17.67
10.00
18.28
54 83
41.50
27.75
16.10
7.60
15.00
46.91
33.55
19.63
9.86
13.40
16.25
54. 33
32.67
18.33
30.00
18.10
34.50
21.50
68.00
40.75
68.18
39 92
68.5
43 1
20.25
20.91
44 67
24.00
52.80
37.6
29.20
15.8
22 5
47.33
35.81
26. 68
14.76
24 60
50.5
38-7
30.7
18.80
46.25
35.00
27.75
15.25
23.33
51.8
37.2
33.80
21.64
20.00
13.6
19.04
13.82
13.83
$13.6
I
i
