RECORD OF WHOLESALE PRICES OF LUMBER.
15
1
2
3
4
5
6
7
8
9
10
11
12
13
14
15
16
17
18
19
20
21
22
23
24
25
26
27
28
29
30
31
32
33
34
35
36
37
38
39
40
41
42
43
44
45
46
47
48
49
50
51
62
53
54
55
56
57
58
59
60
61
62
63
64
65
66
67
68
69
70
71
72
73
74
75
76
77
78
79
80
Ohio.
Indi-
ana.
Illi-
nois.
Mich-
igan.
Wis-
con-
sin.
Penn-
syl-
vania.
New
York.
Con-
necti-
cut.
Massa-
chu-
setts.
New
Hamp-
shire.
Ver-
mont.
Bfaine.
Mary-
land.
1
2
3
4
5
6
7
8
9
10
11
$41.00
28.29
18.50
$42.77
27.15
16.33
{
538.20
>39.33
36.67
26.40
25.00
16.60
24.00 3
15.50
28.17
20.12
35 60
18.33
35 15
19.83 3
30 00
17.50
19.33
520. 00
18.00
31 00
32.00
22.67
*2i.~25~
35.00
23.83
17.38
24.38
25.00
17.30
24.21
19.71
24.75
23.70
17.30
23.70
18.60
22." 29
25.10
22." 56"
20.25
22.33
16.20
13.42
34.20
i9."3"
2L33"
18.33
15.00
22.00
19.33
16.67
25.67
17.50
16.75
13.75
15.83
12.71
15.20
15.50
12.67
14.83
15.00
29.33
12
13
36.15
21 86
37.02
21 00
22 00
14
15
16
17
18
19
20
21
22
23
24
25
26
27
28
29
30
31
32
33
34
35
36
37
38
39
40
41
42
43
44
45
46
47
48
49
50
51
52
53
54
55
56
57
58
59
60
61
62
63
64
65
66
67
68
69
70
71
72
73
74
75
76
77
78
79
80
14.21
23. 03
18.17
13.14
22.90
17.67
20 44
19.66
16.71
21 33
17.17
34 00
16.40
14.67
15.17
39.20
29.50
16.67
26.25
15.88
13.33
16.28
26.33
19.25
18.40
19.14
18.33
15.67
37.66
27 67
26.70
22.22
1
16.33
27.00
20.67
15.67
I
22.40
21.17
18.11
26.33
27.17
20.25
15 40
18.00
1
17.67
48.71
31.67
21.83
27.67
26.50
18.67
15.33
47.11
31.67
18.40
28.75
27.13
19.83
46.67
28.33
20 33
29.86
28.00
25.33
30.75
21.33
15.46
22.88
9.67
18.88
14 92
20.15
15.23
23.67
9.75
17.89
18.00
15. 75
21.30
21.05
16.79
20.67
21 00
15.83
16.50
16.20
20.67
18.00
19.38
17.00
18.92
14.75
41.33
27.86
11.58
13.83
43.50
28.63
18.88
12.38
42.13
27.93
18.09
10.00
41.75
27.50
35. 33
27.00
$29.67
17.00
26.67
18 25
10.25
19.39
19.50
19.50
18.43
54.00
33.56
20.38
69.00
43.25
26.67
34.00
49.20
40.00
32.83
21.00
72.50
42.00
25.22
i
49.43
42.20
32.00
19.50
24.50
