EXPOKTS OF FARM AND FOREST PRODUCTS, 1909-11.
9
TABLE 1. BALANCE OF TRADE and relative magnitude of IMPORTS and
EXPORTS of FARM products, 1851-1911. 1
[All values are gold.]
Exports
Year end-
Domesti
Foreign.
ing June
Total.
Farm prod-
ucts.
Other than
farm prod-
ucts.
Per
cent of
farm
prod-
ucts of
total.
Total.
Farm prod-
ucts.
Other than
farm prod-
ucts.
1851
$178, 620, 138
$146,717,431
$31,902,707
82.1
$10,295,121
$5,084,886
$5,210,235
1852
154,931,147
125,183,749
29,747,398
80.8
12,053,084
5,897,138
6,155,946
1853
189, 869, 162
155,461,445
34,407,717
81.9
13,620,120
6,820,517
6,799,603
1854
215,328,300
172,320,260
43,008,040
80.0
21,715,464
11,528,791
10,186,673
1855
192,751,135
149, 101, 277
43,649,858
77.4
26, 158, 368
9,601,059
16,557,309
1856
266, 438, 051
222,409,001
44,029,050
83.5
14,781,372
6,451,870
8,329,502
1857
278,906,713
232,180,205
46,726,508
83.2
14,917,047
8, 182, 890
6,734,157
1858
251,351,033
205, 853, 748
45, 497, 285
81 9
20,660,241
13,739,733
6,920,508
1859
278,392,080
226,135,020
52,257,060
81.2
14,509,971
9,054,220
5,455,751
1860
316, 242, 423
260, 280, 413
55,962,010
82 3
17,333,634
10,577,008
6,756,626
1861 . . .
204,899,616
154,094,839
50,804,777
75.2
14,654,217
9,315,314
5,338,903
1862
179, 644, 024
140, 463, 928
39, 180, 096
78.2
11,026,477
5, 569, 056
5,457,421
1863
186 003,912
137, 512, 273
48 491 639
73 9
17,960,535
8,162,395
9,798,140
1864
143,504,027
102,794,359
40,709,668
71 6
15,333,961
9,037,218
6,296,743
1865
1866
136,940,248
337 518 102
84,886,860
278 670 278
52,053,388
58 847 824
62.0
82 6
29,089,055
11 341.420
17,876,028
5,793,649
11,213,027
5,547,771
1867
1868
279,786,809
269 389 900
214,258,245
206 979 580
65, 528, 564
62 410 320
76.6
76 8
14,719,332
12 562 999
9,244,181
6, 709, 785
5,475,151
5,853,214
1869... .
275, 166, 697
205, 330, 174
69, 836, 523
74 6
10,951,000
7,067,011
3,883,989
1870
376 616 473
296 962 357
79 654 116
78 9
16 155,295
10 667,193
5,488,102
1871
428 398 908
330 034 934
98 363 974
77
14 421 270
9 002 337
5,418,933
1872
428, 487, 131
332,936,080
95 551 051
77 7
15 690,455
9,205,158
6,485,297
1873
505 033 439
3% 240 107
108 793 332
78 5
17 446 483
9 574 000
7,872,483
1874
1875
569,433,421
499 284 100
453,862,070
389 409 703
115,571,351
109 874 397
79.7
78
16.849,619
14 158 611
9,629,988
7 406,702
7,219,631
6,751,909
1876
525 582 247
410 884 027
114 698 220
78 2
14 802 424
8 450 386
6, 352, 038
1877
589, 670, 224
435, 354. 451
154 315 773
73 g
12 804,996
7,296,110
5,508,886
1878
680, 709, 268
531 637 041
149 072 227
78 1
14 156 498
9 419 767
4,736,731
1879...
1880
698,340,790
823, 946, 353
557,321,801
694,315,497
141,018,989
129 630 856
79.8
84 3
12,098,651
11 692 305
8,079,701
7 173,664
4,018,950
4,518,641
1881
1882
1883
883,925,947
733,239,732
804,223,632
738,123,799
557, 620, 540
626, 426, 608
145,802,148
175,619,192
177 797 024
83.5
76.0
77 9
18,451,399
17,302,525
19 615 770
11,189,658
9,857,878
11 282,895
7,261,741
7,444,647
8,332,875
1884.
724,964,852
547 952 579
177 012 273
75 6
15 548 757
8 749 894
6 798,863
1885
726 682 946
554 051 145
172 631 801
76 2
15 506 809
9 077 454
6 429 355
1886
665 964 529
501 313 738
164 650 791
75 3
13 560 301
7 734 192
5 826 10Q
1887
703,022,923
536,938 387
166' 084' 536
76 4
13 160 288
7 965 572
5 194 716
1888
683 862 104
505 402 327
178 459 777
73 9
12 092 403
7 031 986
5 060 417
1889
730,282,609
536, 828, 565
193 454 044
73 5
12 118 766
6*895 482
5 223 284
1890
845,293 828
634 855 869
210 437 959
75 1
12 534 856
6 908 820
5 626 036
1891
872,270,283
652 407 931
219 862 352
74 8
12 210 527
6 109 781
6 100 746
1892
1,015,732,011
803,122,045
212,609,966
79 1
14 546 137
6'638 755
7 907 382
1893
831,030,785
621 201 671
209 829 114
74 8
16 634 409
7 155 979
9 478 430
1894
1895
869,204.937
793, 392, 599
636,633,747
558,385,861
232,571,190
235 006 738
73.2
70 4
22,935,635
14 145 566
9,' 586, 876
7 934 115
13,348,759
6 211 451
1896...
863.200,487
574, 398, 264
288 802 223
66 5
19 406 451
10 916 730
8 489 721
1897...
1898
1,032,007,603
1,210,291,913
689, 755, 193
859,018,946
342,252,410
351,272,967
66.8
71
18,985,953
21 190 417
9,707,782
10 409 348
9,278,171
10 781 069
1899
1,203,931,222
792 811 733
411 119 489
65 9
23 092 080
12 134 268
10 957 812
1900...
1.370.763,571
844,616,530
526.147.041
61.6
23.719.511
ll'. 263! 253
12.456.258
The values of exports of domestic merchandise for the fiscal years 1862-1879, inclusive, were originally
by articles and ports i
was computed by reducing the total mixed value of this class of articles as if it were all in currency. The
result thus computed was subtracted from the gold value of all domestic exports to obtain the figure for
exports other than farm products.
The values in gold of $1 in currency, as used in this computation, were: For 1862, $0.985; 1863, $0.729;
1864, $0.640; 1865, $0.495; 1866, $0.712; 1867, $0.709; 1868, $0.715; 1869, $0.727; 1870, $0.811; 1871, $0.887; 1872,
$0.894; 1873, $0.873; 1874, $0.893; 1875, $0.888; 1876, $0.878; 1877, $0.927; 1878, $0.976; 1879, $0.998.
Values of imports and of foreign exports are given in gold, as originally reported.
