12
EXPOKTS OF FARM AND FOEEST PRODUCTS, 1909-11.
TABLE 2. EXPORTS of domestic and FOREIGN FOREST PRODUCTS from the
United States, 1851-1911 . l
[All values are gold.]
Year ending June 30
Dom&stic.
Foreign.
Year ending June 30
Domestic.
Foreign.
1851
$4,188,635
$566.554
1891...
$28, 715, 713
$1,220 002
1852
4 400 741
411,166
1892
27,957 928
1 542 (139
1853
4 704 394
341,566
1893
28 127 281
1 178 837
1854
8, 636, 443
470, 483
1894
28,001,461
1, 973, 803
1855
8 879,743
1,320,670
1895
28 576 680
1,277 705
1856
7, 474, 074
926,299
1896...
33, 718, 790
2,563 550
1857
10 411 894
1, 164, 280
1897
40 490 428
3 242 262
1858
10 579 417
1, 295, 768
1898
38 439 418
2 582 082
1859
11,396,163
747, 621
1899
42, 828, 732
3,011,832
1860
10 299,959
846,929
1900
52 676 575
3 981 002
1861
7, 286, 605
756, 112
1901...
55,369,161
3,599,192
1862
6 468 911
808, 273
1902
48 928 764
3 609 071
1863
6 544 788
872,515
1903
58 734 016
2 865 325
1864
6, 608, 236
616, 086
1904
70,085,789
4,177,352
1865
7 629 020
1, 109, 049
1905
63 199 348
3 790 097
1866
9,579,561
584,459
1906...
76 975,431
4,809,261
1867
11 175 119
599,918
1907
92 948 705
5,500 331
1868
11,956,584
674, 786
1908
90, 362, 073
4,570,397
1869
11,885,488
361,480
1909 ...
72 442,454
4, 982, 810
1870
11 984 445
1,181 708
1910
85 030 230
9 801 881
1911
103, 038, 892
7, 586, 854
1871
11 874 850
635 847
1872
16 494 184
1 004 495
Averatre*
1873
19, 578, 615
774,909
1851-1855
6 161 991
622,088
1874 .
21 143 701
1, 116, 763
1856-1860
10 032 301
996 179
1875
16 680 377
1 019 887
1861-1865
6 907 512
832 407
1866-187Q-. .
11 316 239
680,470
1876
15 636 980
883 254
1877
18 312 446
532 547
1871-18JIL6 1 '.
17 154 345
910 380
1878
17, 180, 147
705,941
' 1876-1SSO.
16 841 890
658, 715
1879
16 023 005
557 434
1881-1885
24 357 469
1 277 259
1880
17 056 870
614 399
1886-1890
24 529 928
1 409 176
1891-1895 .
28 275 813
1,438,597
1881 ..
19 324 096
352 249
1882 J
25 580 254
1 321 446
1896-1900
41 630 789
3 076 146
1883
28,645,199
2, 137, 165
1901-1905
59 263' 416
3, 608, 207
1884
26 222 959
1 450 032
1906-1910
83 551 779
5 932,936
1885
22 014 839
1 125 404
1886...
21 061 708
1 052 083
1887
21 126 152
1 568 996
1888
23,991,092
1 319 270
1889
26 997 602
1 767 853
1890
29 473 084
1 337 677
i See Note i, Table 1, p. 9.
TABLE 3. Value of EXPORTS of domestic FARM and FOREST products, 1909-
1911, by grand divisions to which consigned.
Ye
ar ending June 3<
)
1909
1910
1911
FARM PRODUCTS.
Europe
$784 853 881
$740 823,198
$877,298 058
North America
78 082 169
94 502 010
104 690 849
Asia
19 532 282
14.514,757
24.240,025
South America. . .
9 295 957
10 550 719
12,470.516
Oceania .
4 827 655
6 082 245
7 W2 622
Africa
6,646,178
4,685,496
5, 002, 332
Total
903 238 122
871 158 425
1 030 794 402
FOREST PRODUCTS.
Europe
43 413 042
48, 326, 085
56, 440, 347
North America
14 033 153
19 343 957
24,945,542
South America . . .
10 064 571
11 391 758
12 842 064
Oceania
3, 036, 265
3,041,290
4,845,560
Asia...
871 388
1 534 667
2,108,884
Africa
1 024 035
1 392 473
1 856,495
Total . .
72 442 454
85 030 230
103 038 892
