EXPORTS OF FAEM AND FOREST PRODUCTS, 1909-11.
17
TABLE 7. BALANCE OF TRADE and relative magnitude of value of FARM products
in the trade of the United States with its NONCONTIGUOUS POSSESSIONS,
1901-1911 Continued.
SHIPMENTS FROM THE UNITED STATES Continued.
Possession and year
Domestic products.
Foreign products.
Total.
Farm
products.
Other.
Per cent,
farm
products
of total.
Total.
Farm
products.
Other.
Guam:
1901
$34,223
18,491
44,939
95,885
14, 116
12,392
17,552
25,324
15,569
28,960
45,611
10,787,666
11,602,080
11,643,519
11,771,155
14,124,376
14,638,717
17,193,219
20,289,017
21,677,213
63,627
16,821
1,571
4,014,180
5,251,867
4,028,677
4,831,860
6,198,384
5, 458, 867
8,657,956
11,455,707
11, 182, 175
16, 768, 909
19,677,802
6,861,917
10, 719, 444
11,976,134
10,727,015
13,387,457
18, 648, 991
25, 320, 465
22,360,366
23,272,170
26,478,106
33,774,263
13,453
54,675
39,583
69,670
78,733
64,407
14,971
40,583
90,175
82,561
$12, 713
6,657
14,200
2,745
3,749
4,330
9,462
8,896
6,581
10,217
8,126
3,385,063
3,559,057
3,390,467
3,491,821
3,602,595
3,843,623
4, 487, 689
4,401,109
4,808,673
95
7,079
772
2,500,299
1, 752, 198
, 174, 347
,376,583
,157,850
,447,774
,329,616
,581,376
2,246,423
3,097,315
2,743,271
3,490,209
4, 818, 700
5,665,435
5, 188, 925
5,937,569
7,879,567
10,222,944
9,218,546
9,807,776
10,981,064
12,377,552
2,203
13,553
13, 197
18,221
17,869
9,671
6,018
15,330
24,929
19,788
$21, 510
11,834
30, 739
93,140
10,367
8,062
8,090
16,428
8,988
18,743
37,485
7,402,603
8,043,023
8,253,052
8,279,334
10, 521, 781
10,795,094
12, 705, 530
15,887,908
16,868,540
63,532
9,742
799
1,513,881
3,499,669
2,854,330
3,455,277
5,040,534
4,011,093
7,328,340
9,874,331
8,935,752
13,671,594
16,934,531
3,371,708
5,900,744
6,310,699
5,538,090
7, 449, 888
10,769,424
15,097,521
13,141,820
13,464,394
15,497,042
21,396,711
11,250
41, 122
26,386
51, 449
60,864
54, 736
8,953
25,253
65,246
62, 773
37.1
36.0
31.6
2.9
26.6
34.9
53.9
35.1
42.3
35.3
$468
255
$468
255
19021
1903
1904
5,347
( 2 )
3 $5, 347
1905*
1906*
1907*
1908*
1909*
1910*
1911 4
Hawaii: $
1903
31.4
30.7
29.1
29.7
25.5
26.3
26.1
21.7
22.2
0.1
42.1
49.1
62.3
33.4
29.1
28.5
18.7
26.5
15.4
13.8
20.1
18.5
13.9
50.9
45.0
47.3
48.4
44.4
42.3
40.4
41.2
42.1
41.5
36.6
16.4
24.8
33.3
26.2
22.7
15.0
40.2
37.8
27.6
24.0
155,397
81,313
109,661
265, 520
311,349
399, 438
587,559
271,084
247,964
8
2
69,472
33,851
52, 959
74, 121
62,533
67,898
89, 730
73,555
88,529
3
85,925
47, 462
56,702
191, 399
248, 816
331,540
497, 829
197,529
159, 435
38
32
1904
1905
1906
1907
1908
1909
1910
1911
Midway Islands: a
1904
1905
1908
Philippine Islands: 1
1901
12,884
6,603
. 10,232
1,040
2,236
577
3,468
6,025
7,266
63,736
45,311
103, 491
163,209
269, 711
483,045
586, 613
575,890
365,820
317,010
346,375
619,548
897,695
12,436
2,480
1,664
448
4,123
8,568
1,040
1,110
577
3,468
3,843
2,947
21,277
19,651
61,436
130, 205
192, 770
339, 850
452,540
420,205
242,653
217, 636
256, 094
435, 201
586,280
1902
1903
1904
1905
1,126
1906
1907
1908
2,182
4,319
42,459
25,660
42,055
33,004
76, 941
143,195
134,073
155,685
123, 167
99,374
90,281
184,347
311, 415
1909
1910
1911
Porto Rico:
1901... .
1902
1903
1904
1905
1906
1907
1908 .
1909
1910
1911
Tutuila:
1902
1904
615
145
27
108
3
ij
3615
3145
327
3108
1905
1906
1907
1908
1909
1910
1911
i Exports from the United States.
8 Not separately stated.
3 Including farm products, if any.
* Receipts into Guam from the United States, including foreign merchandise, if any. Reported by the
Navy Department.
Not stated for 1901 and 1902.
Not stated prior to 1904, and no shipments reported for 1906, 1907, 1909, 1910, or 1911.
? Not stated prior to 1902.
50597' Bull. 9612 2
