18
EXPORTS OF FABM AND FOREST PRODUCTS, 1909-11.
TABLE 7 BALANCE OF TRADE and relative magnitude of value of FARM products
in the trade of the United States with its NONCONTIGUOUS POSSESSIONS,
1901-1911 Continued.
SHIPMENTS FROM THE UNITED STATES Continued.
Possession and year.
Domestic products.
Foreign products.
Total.
Farm
products.
Other.
Per cent
farm
products
of total.
Total.
Farm
products.
Other.
All noncontiguous
possessions:
1901
$10, 910, 320
16,003,255
36,158,595
37,229,771
42,557,586
50,345,413
65,995,849
64,454,232
68,890,161
81,627,814
90,993,960
$6,003,221
6,579,758
13,244,984
13,481,501
14,669,611
18,294,735
21,601,792
20,169,214
23,073,867
25,015,284
25,037,891
$4,907,099
9,423,497
22,913,611
23,748,270
27, 887, 975
32, 050, 678
44,394,057
44,285,018
45,816,294
56, 612, 530
65,956,069
55.0
41.1
36.6
36.2
34.5
36.3
32.7
31.3
33.5
30.6
27.5
$116,843
170,067
678,537
866,757
975,293
1,336,566
1,272,417
1,342,800
1,517,355
1,652,060
1, 660, 190
$54,959
35,739
157,562
1210,876
1283,332
388,449
1373,709
407,963
345,816
485,327
601, 147
161,884
134, 328
520, 975
^655,881
1691,961
948, 117
1898,708
934,837
1,171,539
1, 166, 733
1,059,043
1902
1903
1904
1905
1906
1907. . .
1908
1909
1910.
1911
SHIPMENTS TO THE UNITED STATES.
Alaska: 2
1903
$10,188,220
$23, 151
$10, 165, 069
2
$40, 349
$5 906
$34 443
1904
10, 100, 181
30,634
10,069,547
3
64,959
9,664
55,295
1905. . .
10, 698, 694
29,052
10, 669, 642
3
102, 752
3,822
98 930
1906
9, 208, 130
32,311
9, 175, 819
4
64,207
4 491
59 716
1907
12, 106, 824
48,908
12,057,916
4
48,374
9,109
39,265
1908. . .
10, 917, 797
83,913
10, 833, 884
8
49, 980
19, 291
30 689
1909
13,055 355
71 808
12 983 547
6
55 555
14 346
41 209
1910
12, 349, 462
48,178
12, 301, 284
4
90,918
10,057
80,861
1911
13, 813, 824
10,288
13 803,536
1
241,505
8,102
233 403
Guam:
19013
1,044
1,040
4
99.6
1902 4
5
(6)
6 5
1903 4
1,075
943
132
87.7
1904 <
4,015
943
3,072
23.5
1905 4
573
(6)
573
Hawaii:
1901
27, 903, 058
27, 637, 216
265,842
99.0
(7)
(7)
m
1902
24 700 429
24 265 131
435 298
98 2
( 7 )
( 7 )
( 7 )
1903
26, 201, 175
25, 786, 344
414,831
98.4
41,694
3,305
38,389
1904.. ..
25, 133, 533
24,795 259
338 274
98 7
23,722
1,928
21 794
1905
36 069 109
35 752 389
316 720
99 1
42 946
921
42 025
1906
26, 850, 463
26, 504, 881
345, 582
98.7
31, 736
5,346
26,390
1907
29, 054, 581
28 629 120
425 461
98 5
17,232
9,635
7,597
1908
41 595 708
41 140 458
455 250
98 9
44 797
15 170
29 627
1909
40, 395, 040
39, 828, 452
566 588
98.6
37,905
5,051
32,854
1910
46 161 288
45 197 960
963 328
97 9
21,977
728
21 249
1911
41 180 195
40 116 528
1 063 667
97 4
27 456
5 229
22 227
Philippine Islands:'
1901
4,420 912
4 375 144
45 768
99
1902. .
6 612 700
6 509 502
103 198
98 4
1903
11 372 584
11 271 669
100 915
99 1
1904
12,066 947
11 995 665
71 282
99 4
1905
12 657 904
12 604 205
53 699
99 6
1906
12 337 927
12 272 461
65 466
99 5
1907...
11,510,438
11 394 034
116 404
99
1908
10, 164 223
9 944 076
220 147
97 8
1909
9 433 986
9 220 157
213' 829
97 7
1910
17,317,897
15 299 710
2 018 187
88 3
1911
17,400,398
16 071 387
1 329 oil
92 4
Porto Rico:
1901
5 581 288
5 223 462
357 826
93 6
59 849
(5)
"59 849
1902.
8 297 422
Q 529' 383
1 768 039
78 7
81 344
3 701
77 643
1903
10 909 147
9 103 305
1 805 842
OQ 4
149 04 s
3 177
138 871
1904...
LI. 570. 012
ln.OMii.iii.->
1 540 2<)7
Sfi 7
14^014
lfi.088
129.826
1 Not exact, due to lack of complete returns to show how much foreign merchandise consisted of farm
2 Not stated for 1901 and 1902.
Imports into the United States, including foreign merchandise, if any.
' Shipments to the United States as reported by the Navy Department.
* Not separately stated.
6 Including farm products, if any.
' Not stated.
