EXPORTS OF FARM AND FOREST PRODUCTS, 1909-11.
47
TABLE ]7 . Quantity and value of EXPORTS of domestic FARM and FOREST
products, 1909-1911, by articles and by countries to which consigned Continued.
Article and country.
Year ending June 30
1909
1910
1911
Quantity.
Value.
Quantity.
Value.
Quantity.
Value.
FARM PRODUCTS continued.
Animal matter Continued.
Packing-house products Con.
Beef Continued.
Fresh-
Bermuda
Pounds.
555.. 627
I 235, 474
190, 989
1,073,580
4 ; 876, 836
114,237,389
1,546,167
236,609
Dollars.
55, 694
24,512
20,278
94,096
425,297
11, 952, 471
107, 712
18,534
Pounds.
393, 623
171,247
136,389
95, 197
4,041,542
69,961,689
833,550
96,429
Dollars.
41, 488
18, 837
13, 148
10,271
354,886
7, 211, 776
76, 707
6,638
Pounds.
561,483
Dollars.
54, 589
British West Indies-
Barbados
Jamaica
5,933
1,002
Trinidad and Tobago..
Other British
119, 783
247,598
42, 058
4,221,393
37,161,536
96,147
54,800
13, 176
25,777
4,904
374,593
3, 990, 136
8,327
5,897
Canada
Cuba
Panama
United Kingdom-
England
Scotland
Other countries
Total
122, 952, 671
12,698,594
75, 729, 666
7, 733, 751
42,510,731
4, 478, 401
Oils Oleo oil
Austria-Hungary
133,,000
1,006,245
83, 616
12, 402, 401
40, 404, 633
1,036,959
71, 194, 178
2, 186, 765
9,381,992
97, 598
2, 699, 727
856,080
2, 734, 826
33,651,973
1,360,217
28,501
726,535
13,300
99,940
9,219
1,419,644
4,219,425
97, 914
7,609,208
268, 254
920, 234
9,316
264, 963
78,245
251,036
3,631,054
154, 930
3,360
76,699
9,500
720, 224
957
77,041
298,657
1,740,925
29,868
181,244
Belgium
Canada
Denmark
6, 883, 607
29, 792, 155
594, 764
47, 115, 136
2, 526, 391
9,884,061
818, 126
3, 433, 843
56,845
5,526,385
289, 916
1,028,058
7,544,755
28,571,311
766, 261
67,690,748
1,532,214
10,445,402
57, 149
2, 139, 689
2,079,364
5, 718, 352
8,077,881
1, 158, 743
18,586
856,869
730, 301
2,847,346
72, 244
6,610,716
154, 224
1,068,335
5,700
221, 256
187, 121
517, 806
826, 755
116, 444
1,643
87, 759
Germany...
Italy
Netherlands
Newfoundland and Lab-
rador
Norway.
Russia, European
Sweden
2, 178, 190
1,027,185
3, 123, 725
20,020,478
1,014,663
111, 975
1,089,621
232,526
95, 199
281,383
2,227,382
115,239
14,537
107, 643
Turkey, Asiatic
Turkey, European
United Kingdom
England
Scotland
Ireland
Other countries
Total
179, 985, 246
19, 126, 741
126,091,675
14, 305, 080
138, 696, 906
13,658,762
Oleomargarine (imitation
butter)
British Guiana...
44,200
1,080,405
85,745
225, 044
108, 415
113,460
412, 406
164, 487
388, 534
56,958
209,404
4,650
104,682
8,506
23,905
10, 747
11,718
42,612
20,926
37, 712
5,792
22,385
69, 070
1, 287, 935
109, 862
310, 698
126, 608
133,200
490, 279
180, 423
338, 256
97, 916
274, 387
7,215
125, 132
11,664
32, 910
12,880
13,885
49,283
22, 583
33, 913
10,317
30,190
107,200
f 296, 310
397, 489
189, 933
523, 343
124, 868
253, 874
134, 460
118, 985
555, 717
65,839
536, 682
131,878
358, 361
11, 424
33, 223
41,616
20, 231
54, 982
13, 295
27, 896
14, 056
12, 839
59, 982
9,268
53, 351
13,899
42,397
British West Indies-
Barbados
Jamaica ..
Trinidad and Tobago. .
Other British..
Costa Rica
Cuba
Danish West Indies...
French West Indies. . .
Haiti
Mexico
Panama
Santo Domingo
Other countries
Total
2, 889, 058 . 293, 635
3,418,632
349, 972 3, 794, 939
408,459
Tallow
Austria-Hungary
156,665
3,771,057
1,803
173, 236
147,592
303, 679
1.522.822
9,030
196, 682
128
9,473
10, 861
19, 199
79. 589 1
144, 307
2, 252, 714
29,130
80, 952
109,578
339,915
969.377
9,298
148, 084
2,293
5,367
7,954
24, 509
56. 182
Belgium
Brazil
1,998,942
29,065
161,661
66,442
349, 844
845.630
112,285
2,414
9,130
5,290
20, 369
50. 338
Chile
Colombia
Costa Rica
Cuba...
Prior to July 1, 1910, including "Neutral lard."
