EXPORTS OF FARM AND FOREST PRODUCTS, 1009-11.
53
TABLE 17. Quantity and value of EXPORTS of domestic FARM and FOREST
products, 1909-1911, by articles and by countries to which consigned Continued.
Article and country.
Year ending June 30
1909
1910
1911
Quantity.
Value.
Quantity.
Valuo.
Quantity.
Value.
FARM PKODUCTS continued.
Animal matter Continued.
Packing-house products Con.
Pork Continued.
Cured Continued.
Salted or pickled Con.
France . .
Pounds.
324,800
154,000
130,000
885,950
129,944
1,154,525
168,078
999,027
222,249
5,166,360
784,534
1,115,370
591,414
118,850
358,430
11,155,768
864,420
14,611
562,188
Dollars.
31,053
14,586
17,580
79,646
10,353
107, 724
13,901
83,296
20,328
428,029
65,969
91,550
51,019
11,436
28,855
1,018,615
80,276
1,171
50, 106
Pounds.
65,876
111,535
68,200
398,848
82,584
1,257,430
108,753
491,951
46,471
4,445,455
703,023
1,424,273
256,715
129,166
57,762
8,022,971
656,368
Dollars.
6,875
12, 062
7,052
39,978
9,274
141,028
12,532
39,298
4,302
449,967
65,288
160,743
22,875
13,998
5,503
938,110
61,669
Pounds.
223,515
55,800
114, 100
1,009,895
106, 669
1,359,967
54,670
43,660
92,768
5,001,156
787,347
1,232,848
Dollars.
23,423
6,616
12,930
111,809
11,583
144,827
6,388
3,911
10,207
520,928
77, 452
140, 535
French Guiana
French West Indies. . .
Germany
Guatemala
Haiti
Honduras
Italy
Netherlands
Newfoundland and
Labrador
Norway
Panama
Russia, European 1 . . .
Santo Domingo
Sweden...
138,494
619,661
8,235,379
516,611
2,400
429,226
14,028
60,995
970,030
57,397
240
48,658
United Kingdom-
England
Scotland . .
Ireland
Other countries
230,641
24,542
Total
52,354,980
4,599,431
40,031,599
4,421,844
45,729,471
4,944,448
Fresh-
British South Africa
Canada
62,056
53, 185
109,815
273,722
8,813,096
187,804
55,637
6,185
5,255
9,744
34,497
861,050
15,992
5,302
77,713
235,415
231,140
393,619
1,200
101,191
8,931
28,312
31,816
44,327
120
13,382
206,550
88,987
439,670
75,373
24,745
12,575
53,319
8,889
Cuba .
Panama
United Kingdom-
England
Scotland
Other countries
Total
544, 798
60, 126
9,555,315
938,025
1,040,278
126,888
1,355,378
159, 654
Lard-
Australia, Common-
wealth of
129,421
103,399
18,192,729
98,149
1,622,394
248,123
122,938
921,255
152,043
991,821
11,999,862
1,017,339
8,572
1,456,703
527, 875
24,193,898
27,195
7,180,575
92,415
3,735,915
6,031,210
201,703
1 Including,
13,189
10,270
1,829,910
11,378
195,890
26,435
13,258
97,732
14,999
92,001
1,238,567
110,293
1,091
140,434
57,680
2,494,525
2,829
707,974
8,851
405,885
594, 129
25, 185
"Finland,"
9,234
339,464
9,060,499
108,358
1,036,472
141,105
148,669
517,015
87,721
931,061
9,310,289
462,558
13,120
1,340,070
1,184,112
33,239,041
61,633
4,502,551
92,927
3,122,817
471,140
129,946
prior to July
1,194
35,814
1,040,041
14,653
147,461
18,674
21,149
66,564
9,934
102, 404
1,227,854
63, 053
1,735
147,018
161,307
4,094,352
6,802
485,927
10,258
43C, 636
50,146
18,956
1, 1910.
8,672
. 9,318,647
19,899,546
131,635
642,070
115,646
179,938
1,029,510
178,949
166,544
55, 193
1 282, 448
1 113,741
6,555,698
977,820
6,840
1,505,392
1.605.778
34,968,597
59,955
1, 495, 665
88, 227
3,511,578
12, 7C.5, 888
76,285
1,047
868,009
2, 166, 478
17,988
79,245
14,408
21,734
121,805
19,619
19,384
6,127
28,804
12,151
768,049
108, 641
922
162,514
193, 782
3,992,092
f>; 049
170,285
9,742
413, 978
1,303,231
8,794
Austria-Hungary
Belgium
Bolivia
Brazil
British Guiana
British Honduras. . .
British South Africa
British West Africa...
British West Indies-
Barbados..
Jamaica
Trinidad and Tobago. .
Other British
Canada
Chile...
China
Colombia
Costa Rica
Cuba
Danish West Indies
Denmark
Dutch West Indies
Ecuador .
France
French Guiana .
