EXPORTS OF FARM AttD FOREST PRODUCTS, 1909-11.
TABLE 17 .Quantity and value of EXPORTS of domestic FARM and FOREST
products, 1909-1911, by articles and by countries to which consigned Continued.
Article and country.
Year ending June 30
1909
1910
1911
Quantity.
Value.
Quantity.
Value.
Quantity.
Value.
FARM PRODUCTS continued.
Vegetable matter Continued.
Cocoa, ground or prepared,
and chocolate:
British Honduras
Dollars.
4 966
Dollars.
5,784
336,949
2,963
23,558
10,724
46,023
45,357
Dollars.
9,217
330, 501
3,106
29,735
10,614
45,086
70,435
Canada .
303,434
2,768
28,001
17,657
52,732
61,900
China
Cuba
Mexico .
Panama
Other countries
Total
471,458
471,358
498,694
Coffee:
Green or raw-
Australia. Commonwealth
of
Pounds.
10, 150
3,325,524
76,821
179,794
11,341,713
62,739
4,076,592
549,089
2,976,898
272,262
1,287
5,644,703
112, 706
Dollars.
1,202
445, 783
10,381
22,846
1,427,252
7,996
531,333
72,982
401,602
36, 154
144
757,454
14,711
Pounds.
101,600
6,326,126
97,046
111,544
20,635,625
91,574
4,327,936
1.781,380
2, 834, 781
680, 849
190, 189
8,070,935
264,853
Dolors.
12,199
833,604
12,662
13, 172
2, 455, 687
11,904
552,511
231,782
377,517
94,990
22,680
1,050,070
35,008
Pounds.
13,500
2,569,956
9,370
205,928
20,243,247
56,023
2,305,318
317,001
2,152,671
105,848
847,419
5,801,823
225,497
Dollars.
1,829
369,338
1,380
27,771
2,978.369
7,657
323, 480
46,659
319,631
15,570
107,347
875,937
32,981
Austria-Hungary
Belgium .
Canada
Cuba. . . . . .
Denmark
France
Germany. .
Italy
Netherlands
Philippine Islands
Spain
Other countries
Total
28,630,278
3,729,840
45,514,438
5,703,786J 34,853,601
5, 107 949
Roasted or prepared
Canada
282,019
72,247
87,115
60,051
227,036
257,632
51,843
8,133
15,086
9,404
39,930
31,380
232,591
55,552
162,751
198,258
340,354
221,380
44,973
7,898
22,961
28,155
60,163
32, 198
290,434
195,954
239,713
247,464
231,183
279,542
66,957
38,269
32,294
39,689
43,784
51,539
Cuba
Mexico
Panama
Philippine Islands.
Other countries
Total
986,100
155,776
1,210,886
196,348 1,484,290. 272,532
Cotton:
Sea Island-
France
2,534,934
213,039
6,794,152
522,779
44,423
1,435,241
2,037,169
260,025
9,142,243
601,311
76,538
2,593,715
1,928,330
241,156
5,739,642
114,123
191,596
572,898
75,256
1,610,069
31,617
55,727
Germany
United Kingdom-
England
Scotland
Other countries.. .
198,681
32,677
20,840
4,877
Total
9,740,806
2,035,120
11,460,277
3,276,441
8,214,847
2,345,567
Upland'
Austria-Hungary
47,390,931
78,815,530
429,307
65,533,657
209,216
52,916
( 2 )
546.551,574
1,218,832,119
451,078
298,770
706,815
282,847,412
104.471.432
4,505,693
7,255,554
39,203
6,355,797
22,280
6,500
( 2 )
50,443,081
112,382.223
43,254
29,845
72,273
27,090,990
10.614.249
28,609,947
51,172,864
4,038,684
6,741,823
39,764,890
75,112,308
262,457
78,236,198
5,891,089
9,788,491
38,712
11,387,372
Belgium
British India
Canada
62,796,152
8,936,006
China..
Denmark
516,918
482,174,062
943,568,546
290,451
237,968
79,666
( 2 )
66,952,441
131,336,648
40,055
31,887
342,041
100,487
509,070,812
1,101,112,556
810, 411
615,062
445,440
218,147,880
78.361.901
45,236
14,973
74,349,137
156,721,340
116,060
92,128
65,000
31,689,(i.->2
11.804.449
Finland
France
Germany
Greece
Guatemala
Italy
196,663,417
47. j MO. 059
27,628,516
6.582.983
Japan...
1 Including linters.
8 Included in "Russia, European."
