EXPORTS OF FARM AND FOREST PRODUCTS, 1909-11.
59
TABLE 17 .Quantity and value of EXPORTS of domestic FARM and FOREST
products, 1909-1911, by articles and by countries to which consigned Continued.
Article and country.
Year ending June 30
1909
1910
1911
Quantity.
Value.
Quantity.
Value.
Quantity.
Value.
FARM PRODUCTS continued.
Vegetable matter Continued.
Cotton Continued.
Upland Continued.
Mexico
Pounds.
21,287,276
15,064,340
3,857,257
779,671
12,542,286
48,332,180
150,894,335
12,183,040
1,798,077,025
3, 124, 537
24.681,600
830,086
Dollars.
2,207,322
1,216,404
381,238
78,363
1,246,411
4,517,173
14,252,803
1,160,932
168, 743, 472
294,924
2,315,107
80,394
Pounds.
14,801,849
9,411,677
2, 127, 686
578, 142
11,504,756
33,580,700
89,227,263
7,249,373
1,198,199,349
1,808,577
13, 128, 955
99,238
Dollars.
1,948,056
1,011,535
301, 161
76,350
1,630,257
4,747,272
12,726,585
1,029,964
169,197,790
260,878
1,859,404
12,901
Pounds.
2,315,560
9,062,039
4,012,666
474, 434
7,340,718
42,454,547
121,036,602
11,749,914
1,708,975,442
751,726
14,945,912
224,065
Dollars.
339,464
963, 946
584,283
70,316
1,089,268
6,235,885
17,749,!W)
1,704,175
249,884,515
106,836
2,210,652
30,343
Netherlands
Norway
Philippine Islands
Portugal
Russia, European i
Spain
Sweden
United Kingdom-
England
Scotland
Ireland
Other countries
Total
4,438,244,396
415,355,545
3,195,247,949
447,170,802
4,025,726,068
582,973,302
Total cotton
Austria-Hungary
47,390,931
78,815,530
429,307
65,726,749
209,216
52,916
( 2 )
549,086,508
1,219,045,158
4,505,693
7,255,554
39,203
6,387,199
22,280
6,500
( 2 )
50,965,860
112,426,64(5
43, 254
29,845
72, 273
27,090,990
10,614,249
2,207,322
1,216,464
381,238
78, 363
1,246,411
4,518,44$
14,252,803
1,160,932
170, 178, 713
294,924
2,315,107
80,394
28,609,947
51,172,864
4,038,684
6,741,823
39,764,890
75,112,308
262,457
78,412,036
5,891,089
9,788,491
38,712
11,438,099
Belgium
British India
Canada
62, 796, 152
8,936,006
China
Denmark
516,918
484,211,231
943,828,571
290,451
237,968
79,606
( 2 )
67,553,752
131,413,186
40,055
31,887
342,041
100,487
510,999,142
1,101,353,712
810,411
615,062
445, 440
218,147,880
78,361,901
2,315,560
9,062,039
4,012,666
474,434
7,340,718
42,470,305
121,036,602
11,749,914
1,714,715,084
865,849
14,945,912
224,065
45,236
14,973
74,922,035
156,796,596
116,060
92,128
65,000
31,689,652
11,804,449
339, 464
963,946
584,283
70,316
1,089,268
6,240,885
17,749,980
1,704,175
251,494,584
138,453
2,210,652
30,343
Finland
France
Germany
Greece
451,078
298,770
706.815
282,847,412
104,471,432
Guatemala
Hongkong
Jtaly
196,663,417
47,500,059
14,801,849
9,411,677
2,127,686
578,142
11,504,756
33,601,540
89,227,263
7,249,373
1,207,341,592
1,808,577
13,128,955
99,238
27,628,516
6,582,983
1,948,056
1,011,535
301, 161
76,350
1,630,257
4, 752, 149
12,726,585
1,029,964
171,791,505
260,878
1,859,404
12,901
Japan
Mexico
21,287,276
15,064,346
3,857,257
779,671
12,542,286
48,337,769
150,894,335
12,183,040
1,804,871,177
3,124,537
24,681,600
830,086
Netherlands
Norway
Philippine Islands. . .
Portugal
Russia, European l
Spain
Sweden
United Kingdom-
England
Scotland
Ireland
Other countries
Total
4,447,985,202
417,390,665
3,206,708,226
450,447,243
4,033,940,915
585,318,869
Flavoring extracts and fruit
juices:
Brazil
8,889
8,227
1,179
8,410
6,204
5 095
8,721
12,613
4| 338
12,894
4,529
11,561
8
30,192
10, 196
26,918
12,011
16,009
12,615
10,410
Canada
Mexico
Panama
United Kingdom
Scotland
Other countries
26,414
48,195
Total
64, 418
84,856
136,354
4,433
10,585
24,676
Including " Finland" prior to July 1, 1910.
2 Included in " Russia, European."
