64
EXPORTS OF FARM AND FOREST PRODUCTS, 1909-11.
TABLE 17 .Quantity and valus of EXPORTS of domestic FARM and FOREST
products, 1909-1911, by articles and by countries to which consigned Continued.
Article and country.
Year ending June 30
1909
1910
1911
Quantity.
Value.
Quantity.
Value.
Quantity.
Value.
FAEM PRODUCTS continued.
Vegetable matter Continued.
Glucose and grape sugar Con.
Total glucose and grape
sugar-
Argentina
Pounds.
3,261,255
5,817,350
312,894
820,054
1,203,428
1,619,952
615, 565
882,196
85,021
1,103,062
80,845,897
10,160,683
3,191,624
2,305,523
Dollars.
80,334
122,716
6,461
17. 134
28,549
39,713
14, 918
17,855
1.913
21,585
1,657,392
215,202
67,875
54,442
Pounds.
5,178,395
5,722,397
1,317,445
1,432,274
2,030,382
3,573,134
648,834
1,092,669
248, 991
1,332,557
106,687,964
13,300,709
4,382,213
2,872,124
Dollars.
125,685
150,021
29,509
33,44C
53,663
74,021
17,003
24,258
5,467
35,066
2,390,182
300,945
103.117
72,843
Pounds.
5,419,746
7,768,832
2,119,714
1,127,359
2,012,105
1,960,201
662.685
962, 170
1,007,542
1,620,007
129,043,029
15, 129, 589
5,227.103
7,902,964
Dollars.
110,322
174,945
41.444
23.553
45. 557
37,026
14,821
19,446
20, 428
36, 248
2,320,090
284,048
97, 629
169, 826
Australia. Commonwealth
of
Austria-Hungary . . .
Belgium *""
British South Africa
Canada
Cuba
Germany
Netherlands
New Zealand
United Kingdom-
England .
Scotland
Ireland
Other countries
Total
.112,224,504
2,346,089
149,820,088
3,415,220
181,963,046
3,395,383
Grain and grain products:
Grain-
Barley
Belgium
Bushels.
67,966
115,932
95,200
255,982
139,788
290,799
3,942,941
323,048
1, 088, 191
260, 546
Dollars.
50,401
73,227
68.600
196,706
87,258
209,575
2,775,488
206, 138
795. 374
209; 399
Bushels.
20,020
143,160
80,943
139, 837
159,979
Dollars.
12,012
83,575
42,000
107, 174
91, 122
Bushels.
343, 595
122,093
371, 182
165,617
DoUars.
184.687
77.356
213,093
130,081
Canada
Canary Islands
Mexico
Netherlands
Portuguese Africa
550,263
4,137,666
439,430
3,185,649
83,851
315,429
2,302,710
249,305
1,854,252
54. 447
United Kingdom-
England
2,356,708
139,775
1,265,644
5.500
1,694,933
101, 644
916.226
3,841
Scotland
Ireland
Other countries
Total
6,580,393
4, 672, 166
4, 311, 66
3,052,527
9,399,346
5,381,360
Buckwheat-
Germany
105,511
80,788
403
76,826
60,117
470
99,269
48, 651
10,240
63,236
32,423
7,479
Netherlands
Other countries
223
186
Total
186, 702
137,413
158,160
103, 138
223
186
Corn-
Belgium
1,885,070
35,107
8,121
5,872
8,665
334, 423
4, 786, 223
814
24, 778
1,723,696
1,678,993
11,494
45,000
234,226
29,966
4,532,645
8,570
70, 178
1,303,834
29,784
6,920
5,034
6,695
272, 313
3,432,081
660
20,807
1,335,700
1,150,366
11,078
40,000
166, 245
25,690
3, 202, 936
7,021
51,707
1,143,587
35,110
8,719
3,084
777, 787
27,884
7,006
2,320
2,681,353
40,411
10,236
17,065
1,456,094
27, 870
6,967
10.947
Bermuda
British Guiana
British Honduras
Brtish South Africa
British West Indies-
Barbados
341,021
6,178,896
249
69,269
2.376,974
2, 450. 545
1,347
270,538
4,048,006
211
50,273
1,661,144
1,659,721
1,131
f 55,254
259,087
9,936
[ 40, 127
13,409,580
460
21,653
2.225,073
3,082.915
9,649
36,370
167, 204
>.4S7
27,340
7,289,S43
318
18.018
1.322.095
1,663,327
6,315
Jamaica
Trinidad and Tobago. .
Other British
Canada
Colombia
Costa Rica . .
Cuba
Denmark
Dutch West Indies
EtrvDt
France
446,469
26,504
4,537,064
10. 136
3,258,158
304,616
21,879
3,134,805
7, 612
2,488,916
i. 626, 286
31,603
7,971,321
6,316
7,066,947
863.368
19,768
4,295.474
3.908
4,867,031
French West Indies
Germany
Honduras
Mexico. . .
