76
EXPORTS OF FARM AND FOREST PRODUCTS, 1909-11.
TABLE 17. Quantity and value of EXPORTS of domestic FARM and FOREST
products, 1909-1911, by articles and by countries to which consigned Continued.
Article and country.
Year ending June 30
1909
1910
1911
Quantity.
Value.
Quantity.
Value.
Quantity.
Value.
FAKM PRODUCTS continued.
Vegetable matter Continued.
Oil cake and oil-cake meal-
Continued.
Cottonseed oil cake and oil-
cake meal Continued.
Norway
Pounds.
32,657,905
5,795,381
98,302,866
3,228,164
35,920,385
465,681
Dollars.
450,042
77,610
1,190,930
38,353
431,859
6,342
Pounds.
10,328,540
1,527,216
46,455,971
4,225,220
38,891,706
1,265,836
Dollars.
146,638
21,490
656,638
53,512
556,379
21,679
Pounds.
30,560,765
Dollars.
359,427
Sweden
United Kingdom-
England
66,119,339
2,279,630
29,892,378
809,481
837,311
26,295
366,595
11,169
ScoTland . .
Ireland . .
Other countries.
Total
1,233,750,327
15,805,433
640,088,766
9,071,815
804,596,955
10,153,475
Flaxseed or linseed oil cake
and oil-cake meal
Belgium
324,435,847
9,862,898
319,250
1,575,846
8,865,092
6,653,149
273,229,083
112,050
331,275
29,875,893
1,694,310
24,212,855
1,596,997
4,467,236
161,769
4,495
19, 195
115,369
88,495
3,638,226
1,600
4,557
424,698
25,133
327,883
24,690
290,766,033
9,527,782
929,925
1,820,420
22,514,501
7,180,058
275,071,437
226, 114
60,500
32,804.123
961,488
9,550,259
904,276
4, 139, 676
162,290
12,914
26,995
317, 670
95,690
4,073,325
3,900
908
483,846
15,061
141,261
16,028
250,509,433
f 3,547,000
97, 675
1 4,599,305
[ 1,631,880
355,060
550,000
39,301,940
2,176,341
204,656,582
3,615,064
63,140
1,687
81,651
28,504
4,790
6,575
577,824
31,666
3,155,076
British West Indies-
Jamaica
Trinidad and Tobago. . .
Other British.. *
Canada
Denmark .
Franr>p. .
Germany
Netherlands...
Norway
Sweden
United Kingdom-
England
42,275,006
1,361,430
7,712,553
900,448
647,423
21, 162
111,458
15,646
Scotland .
Ireland
Other countries
Total
682,764,545
9,303,346
652,316,916
9,489,564
559,674,653
8,361,666
Total oil cake and oil-cake
meal-
Belgium ....
372,428,380
9,890,523
2,861,517
466,944,934
94,846,686
424,596,259
361,738,842
32,769,955
7,881,980
128,299,759
4,922,474
60,254,240
2,313,213
5,077,276
162,245
38,855
5,828,993
1,259,061
5,669,665
4,764,663
451,642
107,568
1,617,128
, 63,486
761,242
' 34,310
314,200,243
10,153,457
3,527,085
215,132,462
54,535,716
257,947,036
337,262,687
10,554,654
3,743,536
79,260,094
5,186,708
48,441,9C5
1,568,637
4,463,227
174,360
50,550
3,064,693
757, 3C9
3,629,918
4,975,466
150,538
52, 194
1,140,484
68,573
697,640
26,000
284,792,713
f 3,547,000
99,675
1 4,599,305
I 1,637,280
3,551,642
273,979,005
100,761,458
309,177,423
280,373,981
31,014,277
1,156,498
108,394,345
3,697,060
39,091,687
1,783,129
4,031,735
63,140
1,724
8i,esi
28,603
50,358
3,368,631
1,396,274
4,065,989
4, 103, 252
366, 167
1C, 040
1,484,734
48, 157
496,735
27,937
British West Indies
Barbados ....
Jamaica
Trinidad and Tobago. . .
Other British
Canada
Denmark ....
France
Germany
Netherlands
Norway
Sweden
United Kingdom-
England...
Scotland .
Ireland...
Other countries
Total
1,969,748,762
25,836,134
1,341,514,280
19,251,012
1,447,656,478
19,631,127
Oils, vegetable:
Fixed or expressed
Corn oil
Austria-Hungary
Belgium
5,344,800
1,797,285
5,058,615
1,897,313
825,585
3,633.780
278,480
102,646
275,762
99,004
47,291
193.914
4,309,799
163,957
111,562
1,853,414
367,913
908.530
255,496
9,423
6,157
104,268
21,074
49. 256
4,060,607
5,231,487
2,157,313
4,673,564
2,597,165
3.021.777
245,461
336,898
138, 170
270,080
158,415
196.987
Germany ....
Italy
Netherlands.
Sweden...
