EXPOBTS OF FARM AND FOREST PRODUCTS, 1909-11.
77
TABLE 17. Quantity and value of EXPORTS of domestic FARM and FOREST
products, 1909-1911, by articles and by countries to which consigned Continued.
Article and country.
Year ending June 30
1909
1910
1911
Quantity.
Value.
Quantity.
Value.
Quantity.
Value.
FARM PRODUCTS continued.
Vegetable matter Continued.
Oils, vegetable Continued.
Fixed or expressed Contd.
Corn oil Continued.
United Kingdom-
England
Pounds.
829,500
Dollars.
44, 127
Pounds.
1,930
3,787
43,560
3,534,880
Dollars.
166
315
2,402
194,835
Pounds.
552,893
23,664
Dollars.
35,940
1,535
Scotland
45,000
5,009,790
2,447
249,909
Other countries
2,998,239
190, 119
Total
24,441,668
1,293,580
11,299,332
643,392
25,316,799
1,573,605
Cottonseed oil-
Argentina
Australia, Common-
wealth of
5,381,543
163,994
7,638,885
5,392,777
2,391,863
1,057,245
1,080,390
2,322,705
10,693,402
1,893,173
125,993
3,391,080
3,936,420
2,154,405
40,849,710
4.332,578
275,017
3,341.565
30,559,897
161,850
67,838,220
1,799,257
40,510,163
80,103,135
169,500
4,235,355
849,847
148,905
5,790,833
1,503,173
822,788
1,074,165
15,672,218
25,150,680
3,825,938
2,517,323
3,104,700
894,276
324,716
10,858
397,370
280,989
150,645
60,386
71,064
137,492
613,836
133,020
8,634
204,215
206,408
121,163
2,202,051
248, 560
19,650
186,822
1,592,853
9,290
3,925,458
104,538
1,824,331
4,315,001
11,439
241,778
52,885
9,771
334,600
101,786
47,198
61,508
881,680
1,346,503
196,878
145,518
207,343
63,143
2,958,897
305,559
150,949
1,. 509, 817
2,945,690
1,056,244
834,437
2,148,843
15,458,774
3,105,306
187,890
2,789,648
3,674,342
1,328,698
8,007,347
888,827
308,360
3,117,368
12,645,136
137,277
18,486,000
1,009,188
25,162,096
56,726,262
154,059
6,494,961
1,270,726
367,740
2,098,223
1,813,909
3,603,041
1,352,164
6,136,835
25,583,719
3,006,101
3,373,241
2,872,691
884,637
211,463
21,897
9,885
104,719
207,999
74,895
59,911
157,784
1,054,720
232,056
14,000
196,935
262,369
94,824
486,682
52,228
23,002
215,840
825,863
8,404
1,226,578
74,015
1,473,770
3,673,869
11,700
428,662
98,408
26,176
134,619
151,877
241,658
83,901
386,118
1,741,237
198,511
227,927
236,771
66,790
4,949,588
287,176
2,695,491
3,500,012
3,188,925
1,168,538
1,542,433
(383,323
1,493,812
196,367
503,460
12,887,645
5,516,716
255,383
2,819,122
2,452,262
837,263
12,755,189
485,728
479,043
3,298,243
8,928,676
151,404
29,106,127
1', 555, 302
25,885,527
33,059,990
202,636
7,068,506
1,247,569
175,004
3,962,448
1,840,930
1,119,183
2,013,078
10,072,134
27,172,934
3,618,646
2,068,597
3,577,737
998,797
374,824
23,133
201,873
249,176
255,462
90,211
126,817
29,092
121,759
15,771
39,897
951,364
408,765
20,232
214,271
181,404
65,398
945,698
38,398
38,185
251,535
639,199
11,846
2,315,095
119,940
1,897,584
2,515,200
16,189
538,521
106,275
15,024
306,937
161,717
90, 124
156,940
800,004
2,005,846
255,970
162,570
287,282
81,841
Austria-Hungary
Belgium
Brazil
British Guiana
British South Africa
British West Indies-
Barbados
Jamaica
Trinidad arid Tobago. .
Other British
Canada....
Chile
Costa Rica...
Cuba
Denmark
Egypt . .
France
French Africa
French Guiana
French West Indies
Germany
Gibraltar....
Italy
Malta and Cyprus
Mexico
Netherlands
New Zealand
Norway
Panama
Portuguese Africa
Pvoumania
Santo Domingo
Sweden . .
Turkey, Asiatic
Turkey .European
United Kingdom-
England
Scotland
Ireland
Uruguay..
Other countries
Total
383,154,968
20,851,380
223,955,002
14,798,063
225,520,944
17,127,369
Linseed oil
Canada
Gallons.
33,055
23, 895
92,672
33,650
2,000
87, 757
Dollars.
14,872
12,229
46,344
18,058
1,271
48,102
Gallons.
25,081
21,591
57,299
24,937
21,144
78,374
Dollars.
17,420
14,088
35,862
15,519
17,063
55,906
Gallons.
25,782
13,389
12,300
15,324
9,474
98,941
Dollars.
24,960
12,406
11,614
12,921
10,491
92,487
Cuba
Mexico
Panama. .
Philippine Islands
Other countries .
Total
273,029
140,876
228,426
155,858
175,210
164,879
