84
EXPORTS OF FARM AND FOREST PRODUCTS, 1909-11.
TABLE 17. Quantity and value of EXPORTS of domestic FARM and FOREST
products, 1909-1911, by articles and by countries to which consigned Continued.
Article and country.
Year ending June 30
1909
1910
1911
Quantity.
Value.
Quantity.
Value.
Quantity.
Value.
FAKM PRODUCTS continued.
Vegetable matter Continued.
Tobacco Continued.
Leaf Continued.
Norway
Pounds.
316.711
239,480
422, 658
553,641
4,794,544
478, 721
104,461,545
5,753,031
8,445,997
41, 066
342,868
Dollars.
31,868
36,599
49, 805
68,085
413, 100
48,878
10,281,233
536,464
8*3,685
5,140
54, 442
Pounds.
1,805,933
253, 521
627, 626
453, 049
14, 476, 903
204,962
117,324,636
6, 196, 198
7, 478, 161
15,950
514, 895
Dollars.
204, 195
30, 074
64,498
57, 993
1.022,155
25,111
11, 655, 683
639, 913
785, 281
2i 305
97, 169
Pounds.
1, 833, 439
226,461
643,830
597,272
17, 503, 948
2,450,284
105,469,780
5,240,101
11,755,078
24,666
698,319
Dollars.
210,296
30,642
60,165
81,937
1,386,903
251,739
11,494,000
509,260
1,307,081
3,175
86,060
Panama
Portugal
Portuguese Africa
Spain
Sweden
United Kingdom
England
Scotland
Ireland
Uruguay
Other countries
Total . . .
282,688,917
30,757,931
353,372,672
38,017,260
351,568,138
39,159,708
Stems and trimmings-
Belgium
62.326
633, 933
3,953,310
562, 460
5,032
32, 196
77, 728
30,013
6,406
1,642,091
2,062,292
112,613
507
54,048
39,282
4,289
72,266
2,249,565
1, 140, 680
296, 423
2,225
60,889
21,508
10,990
Germany
Netherlands.
Other countries
Total
5,212,029
144,969
3,823,402
98, 126
3, 758, 934
95, 612
Total tobacco-
Argentina
1,356,343
7,485,268
2,220,852
9,278,257
474,238
148, 167
968,407
903,196
3,998,142
1,085,424
11,713,034
581,899
2,080,208
38,057
67, 819
11,056
181,327
143, 590
25,332,789
4, 122, 412
362, 988
31,840,373
858,407
397, 701
881,556
126.032
32,536,333
1,779,845
206, 839
192,004
1,432,253
18,611,533
530,091
12, 106
316,711
. 239,480
204, 652
1,191,588
280,346
895, 926
62,886
16,522
120,513
175,312
536,860
131,523
1,662,266
79,990
273, 687
8,964
10,765
2,391
15,384
18, 179
2,427,375
522, 178
35, 618
3, 895, 564
120, 778
27,246
108, 892
20, 813
3; 833, 734
231,659
28,006
20,343
156,086
1,358,717
37,999
3,067
31,868
36,599
1,202,096
11,090,179
2, 743, 117
12,400,344
463,976
114,304
470, 108
617,521
5,267,011
879,072
13,201,474
323, 584
5,047,950
147,908
89,330
12, 598
231,390
126, 804
34,309,072
4,638,873
316, 106
41,058,558
724,329
163, 119
1,154,855
107,397
43,008,433
2,820,223
377, 190
277, 257
1,679,282
22, 459, 475
156,551
15,050
1, 805. 9:i3
253,521
174,622
1,516,222
344,341
1,237,968
58,688
13, 736
62, 867
117,276
674,645
97,383
1,878,087
36,961
653, 496
24,004
14,448
3,246
16.859
13, 449
3,565,238
539, 809
32, 728
5,101,507
93,467
14, 574
130,997
16, 670
4,590,613
374,800
46,664
24,549
182, 817
1,849,050
17,545
3,229
204, 195
30,074
1,580,023
17, 230, 811
3,359,011
14,226,153
426,741
143,985
113,897
517,469
3,400,240
( 77,525
3,565
552,527
309,426
13,454,063
585,949
5,536,395
70,450
69,446
. . ?. . . .
253,472
2,335,234
435,457
1,492,841
52,740
19,830
23,222
92,532
432, 014
10, 144
599
56,376
33,200
1,854,707
69, 437
763.908
12, 504
11,808
Australia, Common-
wealth of
Austria-Hungary
Belgium
British Guiana
British Honduras
British India. .
British South Africa...
British West Africa ...
British West Indies-
Barbados
Jamaica. .
Trinidad and Tobago . . .
Other British
Canada
Canary Islands
China
Costa Rica..
Colombia
Cuba
Denmark
124, 632
135,606
26,974,318
3, 243, 180
324,253
43, 883, 634
835,547
68,438
1,354,007
536, 346
36, 177, 104
255,581
433, 400
359, 918
1,560,448
30,198,225
453,047
11,034
1, 833, 439
226,461
9,909
14, 679
2,715,362
387,420
33,608
5,110,502
113.046
6,310
164,657
73, 847
4,261,264
38,330
58,430
34.003
189, 735
2,592,377
62.165
2,430
210. 296
30,642
Dutch Guiana
France
French Africa . .
French West Indies
Germany
German Africa
Gibraltar
Haiti
Hongkong
Italy
Japan
Liberia
Malta and Cyprus
Mexico
Netherlands
Newfoundland and Lab-
rador
New Zealand
Norway
Panama
