OF ARTS AND SCIENCES : JANUARY 31, 1872.
353
Brumaire, or Fog-Month.
ft
II.
III.
1794.
IV.
1795.
V.
1796.
VI.
1797.
Oct.
VII.
VIII.
IX.
X.
XI.
XII.
XIII.
XIV.
1793.
1798.
1799.
1800.
1801.
1802.
1803.
1804.
1805.
Oct.
Oct.
Oct.
Oct.
Oct.
Oct.
Oct.
Oct.
Oct.
Oct.
Oct.
Oct.
1
22
22
23
22
22
22
23
23
23
23
24
23
23
2
23
23
24
23
23
23
24
24
24
24
25
24
24
3
24
24
25
24
24
24
25
25
25
25
26
25
25
4
25
25
26
25
25
25
26
26
26
26
27
26
26
5
26
26
27
26
26
26
27
27
27
27
28
27
27
6
27
27
28
27
27
27
28
28
28
28
29
28
28
7
28
28
29
28
28
28
29
29
29
29
30
29
29
8
29
29
30
29
29
29
30
30
30
30
31
Nov.
30
30
9
30
30
31
30
30
30
31
31
31
31
1
31
31
Nov.
Nov.
Nov.
Nov.
Nov.
Nov.
Nov.
10
31
Nov.
31
Nov.
1
31
Nov.
31
Nov.
31
Nov.
1
1
1
1
2
1
1
11
1
1
2
1
1
1
2
2
2
2
3
2
2
12
2
2
3
2
2
2
3
3
3
3
4
3
O
13
3
3
4
3
3
3
4
4
4
4
5
4
4
14
4
4
5
.4
4
4
5
5
5
5
6
5
5
15
5
5
6
5
5
5
6
6
6
6
7
6
6
16
6
6
7
6
6
6
7
7
7
7
8
7
7
17
7
7
8
7
7
7
8
8
8
8
9
8
8
18
8
8
9
8
8
8
9
9
9
9
10
9
9
19
9
9
10
9
9
9
10
10
10
10
11
10
10
20
10
10
11
10
10
10
11
11
11
11
12
11
11
21
11
11
12
11
11
11
12
12
12
12
13
12
12
22
12
12
13
12
12
12
13
13
13
13
14
13
13
23
13
13
14
13
13
13
14
14
14
14
15
14
14
24
14
14
15
14
14
14
15
15
15
15
16
15
15
25
15
15
16
15
15
15
16
16
16
16
17
16
16
26
16
16
17
16
16
16
17
17
17
17
18
17
17
27
17
17
18
17
17
17
18
18
18
18
19
18
18
28
18
18
19
18
18
18
19
19
19
19
20
19
19
29
19
19
20
19
19
19
20
20
20
20
21
20
20
30
20
20
21
20
20
20
21
21
21
21
22
21
21
VOL. VITI.
45
