354
PROCEEDINGS OF THE AMERICAN ACADEMY
Frimaire, or Frost-Month.
A
II.
III.
IV.
V.
VI.
VII.
1798.
VIII.
IX.
X.
XI.
1802.
Nov.
XII.
1803.
Nov.
XIII.
1804.
XIV.
1793.
1794.
1795.
1796.
1797.
1799.
1800.
1801.
Nov.
1805.
Nov.
Nov.
Nov.
Nov.
Nov.
Nov.
Nov.
Nov.
Nov.
Nov.
1
21
21
22
21
21
21
22
22
22
22
23
22
22
2
22
22
23
22
22
22
23
23
23
23
24
23
23
3
23
23
24
23
23
23
24
24
24
24
25
24
24
4
24
24
25
24
24
24
25
25
25
25
26
25
25
5
25
25
26
25
25
25
26
26
26
26
27
26
26
6
26
26
27
26
26
26
27
27
27
27
28
27
27
7
27
27
28
27
27
27
28
28
28
28
29
28
28
8
28
28
29
28
28
28
29
29
29
29
30
Dec.
29
29
9
29
29
30
29
29
29
30
30
30
30
1
30
30
Dec.
Dec.
Dec.
Dec.
Dec.
Dec.
Dec.
10
30
Dec.
30
Dec.
1
30
Dec.
30
Dec.
30
Dec.
1
1
1
1
2
1
1
11
1
1
2
1
1
1
2
2
2
2
3
2
2
12
2
2
3
2
2
2
3
3
3
3
4
3
3
13
3
3
4
3
3
3
4
4
4
4
5
4
4
14
4
4
5
4
4
4
5
5
5
5
6
5
5
15
5
5
6
5
5
5
6
6
6
6
7
6
6
16
6
6
7
6
6
6
7
7
7
7
8
7
7
17
7
7
8
7
7
7
8
8
8
8
9
8
8
18
8
8
9
8
8
8
9
9
9
9
10
9
9
19
9
9
10
9
9
9
10
10
10
10
11
10
10
20
10
10
11
10
10
10
11
11
11
11
12
11
11
21
11
11
12
11
11
11
12
12
12
12
13
12
12
22
12
12
13
12
12
12
13
13
13
13
14
13
13
23
13
13
14
13
13
13
14
14
14
14
15
14
14
24
14
14
15
14
14
14
15
15
15
15
16
15
15
25
15
15
16
15
15
15
16
16
16
16
17
16
16
26
16
16
17
16
16
16
17
17
17
17
18
17
17
27
17
17
18
17
17
17
18
18
18
18
19
18
18
28
18
18
19
18
18
18
19
19
19
19
20
19
19
29
19
19
20
19
19
19
20
20
20
20
21
20
20
30
20
20
21
20
20
20
21
21
21
21
22
21
21
