OF ARTS AND SCIENCES : JANUARY 31, 1872.
355
Nivose, or Snow-Month.
>>
II.
III.
IV.
V.
VI.
VII.
VIII.
IX.
X.
XI.
XII.
XIII.
XIV.
1793.
1794.
Dec.
21
1795.
1796.
1797.
1798.
1799.
1800.
Dec.
22
1801.
1802.
1803.
1804.
1805.
1
Dec.
21
Dec.
22
Dec.
21
Dec.
21
Dec.
21
Dec.
22
Dec.
22
Dec.
22
Dec.
23
Dec.
22
Dec.
22
2
22
22
23
22
22
22
23
23
23
23
24
23
23
3
23
23
24
23
23
23
24
24
24
24
25
24
24
4
24
24
25
24
24
24
25
25
25
25
26
25
25
5
25
25
26
25
25
25
26
26
26
26
27
26
26
6
26
26
27
26
26
26
27
27
27
27
28
27
27
7
27
27
28
27
27
27
28
28
28
28
29
28
28
8
28
28
29
28
28
28
29
29
29
29
30
29
29
9
29
29
30
29
29
29
30
30
30
30
31
30
30
10
30
30
31
30
30
30
31
31
31
31
1804.
Jan.
1
31
31
11
31
31
1796.
Jan.
1
31
31
31
1800.
Jan.
1
1801.
Jan.
1
1802.
Jan.
1
1803.
Jan.
1
2
1805.
Jan.
1
12
1791.
Jan.
1
1795.
Jan.
1
2
1797.
Jan.
1
1798.
Jan.
1
1799.
Jan.
1
2
2
2
2
3
2
13
2
2
3
2
2
2
3
3
3
3
4
3
14
3
3
4
3
3
3
4
4
4
4
5
4
15
4
4
5
4
4
4
5
5
5
5
6
5
16
5
5
6
5
5
5
6
6
6
6
7
6
17
6
6
7
6
6
6
7
7
7
7
8
7
18
7
7
8
7
7
7
8
8
8
8
9
8
19
8
8
9
8
8
8
9
9
9
9
10
9
20
9
9
10
9
9
9
10
10
10
10
11
10
21
10
10
11
10
10
10
11
11
11
11
12
11
22
11
11
12
11
11
11
12
12
12
12
13
12
23
12
12
13
12
12
12
13
13
13
13
14
13
24
13
13
14
13
13
13
14
14
14
14
15
14
25
14
14
15
14
14
14
15
15
15
15
16
15
26
15
15
16
15
15
15
16
16
16
16
17
16
27
16
16
17
16
16
16
17
17
17
17
18
17
28
17
17
18
17
17
17
18
18
18
18
19
18
29
18
18
19
18
18
18
19
19
19
19
20
19
30
19
19
20
19
19
19
20
20
20
20
21
20
