356
PROCEEDINGS OF THE AMERICAN ACADEMY
Pluviose, or Rain-Month.
fe>
II.
III.
IV.
V.
VI.
VII.
VIII.
IX.
X.
XI.
XII.
XIII.
CO
p
1794.
1795.
1796.
1797.
1798.
1799.
1800.
1801.
1802.
Jan.
1803.
1804.
Jan.
1805.
Jan.
Jan.
Jan.
Jan.
Jan.
Jan.
Jan.
Jan.
Jan.
Jan.
1
20
20
21
20
20
20
21
21
21
21
22
21
2
21
21
22
21
21
21
22
22
22
22
23
22
3
22
22
23
22
22
22
23
23
23
23
24
23
4
23
23
24
23
23
23
24
24
24
24
25
24
5
24
24
25
24
24
24
25
25
25
25
26
25
6
25
25
26
25
25
25
26
26
26
26
27
26
7
26
26
27
26
26
26
27
27
27
27
28
27
8
27
27
28
27
27
27
28
28
28
28
29
28
9
28
28
29
28
28
28
29
29
29
29
30
29
10
29
29
30
29
29
29
30
30
30
30
31
Feb.
30
11
30
30
31
Feb.
30
30
30
31
Feb.
31
Feb.
31
Feb.
31
Feb.
1
31
Feb.
12
31
Feb.
31
Feb.
1
31
Feb.
31
Feb.
31
Feb.
1
1
1
1
2
1
13
1
1
2
1
1
1
2
2
2
2
3
2
14
2
2
3
2
2
2
3
3
3
3
4
3
15
3
3
4
Q
O
3
3
4
4
4
4
5
4
1G
4
4
5
4
4
4
5
5
5
5
6
5
17
5
5
6
5
5
5
6
6
6
6
7
6
18
6
6
7
6
6
6
7
7
7
7
8
7
19
7
7
8
7
7
7
8
8
8
8
9
8
20
8
8
9
8
8
8
9
9
9
9
10
9
21
9
9
10
9
9
9
10
10
10
10
11
10
22
10
10
11
10
10
10
11
11
11
11
12
11
23
11
11
12
11
11
11
12
12
12
12
13
12
24
12
12
13
12
12
12
13
13
13
13
14
13
25
13
13
14
13
13
13
14
14
14
14
15
14
26
14
14
15
14
14
14
15
15
15
15
16
15
27
15
15
16
15
15
15
16
16
16
16
17
16
28
16
16
17
16
16
16
17
17
17
17
18
17
29
17
17
18
17
17
17
18
18
18
18
19
18
30
18
18
19
18
18
18
19
19
19
19
20
19
