OF ARTS AND SCIENCES: JANUARY 31, 1872.
357
Ventose, or Wind- Month.
p
1
II.
III.
IV.
V.
VI.
VII.
VIII.
IX.
X.
XI.
XII.
XIII.
1794.
Feb.
19
1795.
1796.
1797.
1798.
1799.
1800.
Feb.
20
1801.
Feb.
20
1802.
Feb.
20
1803.
Feb.
20
1804.
1805.
Feb.
19
Feb.
20
Feb.
19
Feb.
19
Feb.
19
Feb.
21
Feb.
20
2
20
20
21
20
20
20
21
21
21
21
22
21
3
21
21
22
21
21
21
22
22
22
22
23
22
4
22
22
23
22
22
22
23
23
23
23
24
23
5
23
23
24
23
23
23
24
24
24
24
25
24
6
24
24
25
24
24
24
25
25
25
25
26
25
7
25
25
26
25
25
25
26
26
26
26
27
26
8
26
26
27
26
26
26
27
27
27
27
28
27
9
27
27
28
27
27
27
28
28
28
28
29
28
10
28
28
29
28
28
28
Mar.
1
Mar.
1
Mar.
1
Mar.
1
Mar.
1
Mar.
1
11
Mar.
1
Mar.
1
• Mar.
1
Mar.
1
Mar.
1
Mar.
1
2
2
2
2
2
2
12
2
2
2
2
2
2
3
3
3
3
3
3
13
3
3
3
3
3
3
4
4
4
4
4
4
14
4
4
4
4
4
4
5
5
5
5
5
5
15
5
5
5
5
5
5
6
6
6
6
6
6
1G
6
6
6
6
6
6
7
7
7
7
7
7
17
7
7
7
7
7
7
8
8
8
8
8
8
18
8
8
8
8
8
8
9
9
9
9
9
9
19
9
9
9
9
9
9
10
10
10
10
10
10
20
10
10
10
10
10
10
11
11
11
11
11
11
21
11
11
11
11
11
11
12
12
12
12
12
12
22
12
12
12
12
12
12
13
13
13
13
13
13
23
13
13
13
13
13
13
14
14
14
14
14
14
24
14
14
14
14
14
14
15
15
15
15
15
15
25
15
15
15
15
15
15
16
16
16
16
16
16
26
16
16
16
16
16
16
17
17
17
17
17
17
27
17
17
17
17
17
17
18
18
18
18
18
18
28
18
18
18
18
18
18
19
19
19
19
19
19
29
19
19
19
19
19
19
20
20
20
20
20
20
30
20
20
20
20
20
20
21
21
21
21
21
21
