358
PROCEEDINGS OF THE AMERICAN ACADEMY
Germinal, or Bud-Month.
n
1
II.
1794.
Mar.
21
III.
IV.
1796.
V.
1797.
VI.
VII.
VIII.
IX.
1801.
Mar.
22
X
XI.
XII.
XIII.
1795.
Mar.
21
1798.
1799.
Mar.
21
1800.
1802.
1803.
Mar.
22
1804.
1805.
Mar.
21
Mar.
21
Mar.
21
Mar.
22
Mar.
22
Mar.
22
Mar.
22
2
22
22
22
22
22
22
23
23
23
23
23
23
3
23
23
23
23
23
23
24
24
24
24
24
24
4
24
24
24
24
24
24
25
25
25
25
25
25
5
25
25
25
25
25
25
26
26
26
26
26
26
6
26
26
26
26
26
26
27
27
27
27
27
27
7
27
27
27
27
27
27
28
28
28
28
28
28
8
28
28
28
28
28
28
29
29
29
29
29
29
9
29
29
29
29
29
29
30
30
30
30
30
30
10
30
30
30
30
30
30
31
31
31
31
31
31
11
31
31
31
31
31
31
April.
1
April.
1
April.
1
April.
1
April.
1
April.
1
12
April.
1
April.
1
April.
1
April.
1
April.
1
April.
1
2
2
2
2
2
2
13
2
2
2
2
2
2
3
3
3
3
o
3
14
3
3
3
3
3
3
4
4
4
4
4
4
15
4
4
4
4
4
4
5
5
5
5
5
5
16
5
5
5
5
5
5
6
6
6
6
6
6
17
6
6
6
6
6
6
7
7
7
7
7
7
18
7
7
7
7
7
7
8
8
8
8
8
8
19
8
8
8
8
8
8
9
9
9
9
9
' 9
20
9
9
9
9
9
9
10
10
10
10
10
10
21
10
10
10
10
10
10
11
11
11
11
11
11
22
11
11
11
11
11
11
12
12
12
12
12
12
23
12
12
12
12
12
12
13
13
13
13
13
13
24
13
13
13
13
13
13
14
14
14
14
14
14
25
14
14
14
14
14
14
15
15
15
15
15
15
26
15
15
15
15
15
15
16
16
16
16
16
16
27
16
16
16
16
16
16
17
17
17
17
17
17
28
17
17
17
17
17
17
18
18
18
18
18
18
29
18
18
18
18
18
18
19
19
19
19
19
19
30
19
19
19
19
19
19
20
20
20
20
20
20
