OF ARTS AND SCIENCES: JANUARY 31, 1872.
359
Flore al, or Flower-Month.
p
II.
1794.
III.
IV.
V.
VI.
VII.
VIII.
IX.
X.
XL
XII.
XIII.
1795.
1796.
1797.
1798.
1799.
April.
20
1800.
1801.
1802.
1803.
1804.
1805.
1
April.
20
April.
20
April.
20
April.
20
April.
20
April.
21
April.
21
April.
21
April.
21
April.
21
April.
21
2
21
21
21
21
21
21
22
22
22
22
22
22
3
22
22
22
22
22
22
23
23
23
23
23
23
4
23
23
23
23
23
23
24
24
24
24
24
24
5
24
24
24
24
24
24
25
25
25
25
25
25
6
25
25
25
25
25
25
26
26
26
26
26
26
7
26
26
26
26
26
26
27
27
27
27
27
27
8
27
27
27
27
27
27
28
28
28
28
28
28
9
28
28
28
28
28
28
29
29
29
29
29
29
10
29
29
29
29
29
29
30
30
30
30
30
30
11
30
30
30
30
30
30
May.
1
May.
1
May.
1
May.
1
May.
1
May.
1
12
May.
1
May.
1
May.
1
May.
1
May.
1
May.
1
2
2
2
2
2
2
13
2
2
2
2
2
2
3
3
3
3
3
3
14
3
3
3
3
3
3
4
4
4
4
4
4
15
4
4
4
4
4
4
5
5
5
5
5
5
16
5
5
5
5
5
6
6
6
6
6
6
17
6
6
6
6
6
6
7
7
7
7
7
7
18
7
7
7
7
7
7
8
8
8
8
8
8
19
8
8
8
8
8
8
9
9
9
9
9
9
20
9
9
9
9
9
9
10
10
10
10
10
10
21
10
10
10
10
10
10
11
11
11
11
11
11
22
11
11
11
11
11
11
12
12
12
12
12
12
23
12
12
12
12
12
12
13
13
13
13
13
13
24
13
13
13
13
13
13
14
14
14
14
14
14
25
14
14
14
14
14
14
15
15
15
15
15
15
26
15
15
15
15
15
15
16
16
16
16
16
16
27
16
16
16
16
16
16
17
17
17
17
17
17
28
17
17
17
17
17
17
18
18
18
18
18
18
29
18
18
18
18
18
18
19
19
19
19
19
19
30
19
19
19
19
19
19
20
20
20
20
20
20
