360
PROCEEDINGS OF THE AMERICAN ACADEMY
Pr atrial, or Pasture-Month.
Sf
p
II.
III.
IV.
1796.
V.
VI.
VII.
VIII.
IX.
X.
XL
XII.
XIII.
1794.
May.
1795.
1797.
1798.
1799.
1800.
May.
1801.
1802.
1803.
1804.
1805.
May.
May.
May.
May.
May.
May.
May.
May.
May.
May.
1
20
20
20
20
20
20
21
21
21
21
21
21
2
21
21
21
21
21
21
22
22
22
22
22
22
3
22
22
22
22
22
22
23
23
23
23
23
23
4
23
23
23
23
23
23
24
24
24
24
24
24
5
24
24
24
24
24
24
25
25
25
25
25
25
6
25
25
25
25
25
25
26
26
26
26
26
26
7
26
26
26
26
26
26
27
27
27
27
27
27
8
27
27
27
27
27
27
28
28
28
28
28
28
9
28
28
28
28
28
28
29
29
29
29
29
29
10
29
29
29
29
29
29
30
30
30
30
30
30
11
30
30
30
30
30
30
31
June.
31
June.
31
June.
31
June.
31
June.
31
June.
12
31
June.
31
June.
31
June.
31
June.
31
June.
31
June.
1
1
1
1
1
1
13
1
1
1
1
1
1
2
2
2
2
2
2
14
2
2
2
2
2
2
3
3
3
3
3
3
15
■3
3
3
3
3
3
4
4
4
4
4
4
16
4
4
4
4
4
4
5
5
5
5
5
5
17
5
5
5
5
5
5
6
6
6
6
6
6
18
6
6
6
6
6
6
7
7
7
7
7
7
19
7
7
7
7
7
7
8
8
8
8
8
8
20
8
8
8
8
8
8
9
9
9
9
9
9
21
9
9
9
9
9
9
10
10
10
10
10
10
22
10
10
10
10
10
10
11
11
11
11
11
11
23
11
11
11
11
11
11
12
12
12
12
12
12
24
12
12
12
12
12
12
13
13
13
13
13
13
25
13
13
13
13
13
13
14
14
14
14
14
14
26
14
14
14
14
14
14
15
15
15
15
15
15
27
15
15
15
15
15
15
16
16
16
16
16
16
28
16
16
16
16
16
16
17
17
17
17
17
17
29
17
17
17
17
17
17
18
18
18
18
18
18
30
18
18
18
18
18
18
19
19
19
19
19
19
