OF ARTS AND SCIENCES : JANUARY 31, 1872.
363
Fructidor, or Fruit-Month.
p
II.
III.
IV.
1796.
V.
VI.
1798.
VII.
VIII
IX.
X.
XI.
XII.
XIII.
1794.
1795.
1797.
1799
1800
1801.
1802.
1803.
1804
1805.
Aug.
19
1
Aug.
18
Aug.
18
Aug.
18
Aug.
18
Aug.
18
Aug.
18
Aug.
19
Aug.
19
Aug.
19
Aug.
19
Aug.
19
2
19
19
19
19
19
19
20
20
20
20
20
20
3
20
20
20
20
20
20
21
21
21
21
21
21
4
21
21
21
21
21
21
22
22
22
22
22
22
5
22
22
22
22
22
22
23
23
23
23
23
23
6
23
23
23
23
23
23
24
24
24
24
24
24
7
24
24
24
24
24
24
25
25
25
25
25
25
8
25
25
25
25
25
25
26
26
26
26
26
26
9
26
26
26
26
26
26
27
27
27
27
27
27
10
27
27
27
27
27
27
28
28
28
28
28
28
11
28
28
28
28
28
28
29
29
29
29
29
29
12
29
29
29
29
29
29
30
30
30
30
.30
30
13
30
30
30
30
30
30
31
31
31
31
31
31
14
31
31
31
31
31
31
Sept.
1
Sept.
1
Sept.
1
Sept.
1
Sept.
1
Sept.
1
15
Sept.
1
Sept.
1
Sept.
1
Sept.
1
Sept.
1
Sept.
1
2
2
2
2
2
2
16
2
2
2
2
2
2
3
3
3
3
3
3
17
3
3
3
3
3
3
4
4
4
4
4
4
18
4
4
4
4
4
4
5
5
5
5
5
5
19
5
5
5
5
5
5
6
6
6
6
6
6
20
6
6
6
6
6
6
7
7
7
7
7
7
21
7
7
7
7
7
7
8
8
8
8
8
8
22
8
8
8
8
8
8
9
9
9
9
9
9
23
9
9
9
9
9
9
10
10
10
10
10
10
24
10
10
10
10
10
10
11
11
11
11
11
11
25
11
11
11
11
11
11
12
12
12
12
12
12
26
12
12
12
12
12
12
13
13
13
13
13
13
27
13
13
13
13
13
13
14
14
14
14
14
14
28
14
14
14
14
14
14
15
15
15
15
15
15
29
15
15
15
15
15
15
16
16
16
16
16
16
30
16
16
16
.16
16
16
17
17
17
17
17
17
