308
6. Tables.
Tin.
2dA(H
= 34930)
(dA: A^H). 10'4
A
vibration
J. 1. off.
vibration my own
// 1. of f. observations
Purvis'
dA
A» ■
observ,
3,04
REMARKS.
2 d A , g
2 d A
„ vibrat.
^ Xl.off.
1
vibrat.
//I. off.
vibrat.
±l.off.
vibrat.
//I. off.
2335
0.322
3
84.6
2422
0.188
3
1 45.9
2429
0.18
2
43
2483
0.24
2
0.202 3 56
46.8
2496
0.242
3
0.14 55.7
32
2547
0.227
3
50.2
1 1
2572
0.291
3
63.1
2594
0.210
3
44.7
2661
0.297
3
59.9
2707
0.357
3
69.9
72.2
2780
0.322
3
I
59.7
2785
0.304 ! 3
56.1
2813
split, up
[split, up
The splitting up is
2814
2840
0.270
0.385
3
3
48.9
68.5
66.1
about as great as
that of 2814.
2851
0.241 3
42.5
42.6
2863
0.372 3
65.0
64.5
2914
0.21 2
35
3009
0.429
4
67.9
66.1
3033
0.313
3
48.7
3034
0.463
3
72.1
70.5
3142
0.368
3
53.2
3175
0.490
3
69.7
70.4
3219
0.261
3
36.1
3262
0.357
3
48.2
49.5
3283
0.30
1
40
3331
0.462
4
0.302 3
59.6
39.1
58.8
40.0
3352
0.39
2
49
3656
0.276
3
29.6
3801
0.409
4
40.5
40.0
4525
0.725 ! 3
50.6
53.6
4586
0.59
2
40
4618
1.316
3
88.5
5563
split, upj
split, up
5589
1.02
2
47
