109
TABLE I.
Series.
1
NO.
P
dA
pVj,
6 = + 20°.00 C.
VI
1
1
22.804
21.046
1.0835
VI
; 2
25.015
23.052
852
VI
3
26.575
24.464
863
VI
4
29.090
26.757
872
VI
5
32.572
29.891
897
VIII
1
34.887
32.002
902
1 VI
6
35.423
32.447
917
VI
7
37.812
34.601
928
VIII
2
39.168
35.843
928
VIII
3
44.762
40.862
955
VIII
5
54.149
49.213
1003
VIII
6
59.717
54.161
026
VIII
7
65.021
58.797
059
VIII
9
77.360
69.338
131
VIII
10
82.545
73.967
160
VIII
11
88.239
78.886
186
VIII
12
93.298
83.154
220
e = o°.oo c.
VII
1
22.064
21.869
1.0089
VII
2
23.555
23.314
103
VII
3
25.867
25.558
121
VII
4
28.468
28.089
135
VII
5
30.790
30.345
147
IX
1
39.753
39.098
168
IX
2
44.892
44.030
196
IX
5
59.777
58.234
265
IX
6
66.104
64.135
307
IX
7
74.059
71.495
359
IX
8
79.108
76.127
392
IX
9
84.662
81.347
408
