and for measuring Heights in the Atmosphere. 279
Table I. Table II. Table III.
Altitudes for!
Height of
Increasing Ratio.
the Variation
Barometer.
j^
2 ofevery 100th
5
.5 n ^
~j of an Inch on
5
15
u the Barome-
4)
cu ter.
4
i 12
9
31,0 1
S .^-tt
3
1 9
30,0 1
2
$ 6
29,0 2
90 9,9,5
1
3
28,0. ... 3
88 9,9,0
30,0
27,0 4
86 9,8,5
8
3
6
26,0.... 5
84 9,8,0
25,0.... 6
82 9,7,5
7
6
9
12
5 7
80.... 9,7,0
24,0 8
78..., 9,6,5
5
4
15
18
5 9
76.... 9,6,0
23,0 10
74.... 9,5,5
3
21
5 ... .1 1
72.... 9 5,0
2
3j 24
22,0 12
70 . . . .9,4,6
1
' 27 '
30
33
36
7 13
68 9,4/2
66 9,3,8
29,0
9
8
3 14
21,0. ...15
64 . . . .9,3,4
7. ...16
62.... 9,3,0
7
6
39
42
3 17
60 9 9 "2 9 6
20,0.... 18
58 9,2,2
56 9,1,8
28,5
45
7 19
3 20
54.... 9,1,4
2 JSi
MB "Si
19,0 21
52.... 9 1,0
1 2
7 . . . .22
50 9,0,6
3 23
48 9,0,2
18,0.. ..24
46 8,9,8
7 25
44.... 8,9,4
5 26
42 8,9,0
3 27
40.... 8,8,6
17,0 28
38.... 8,8,2
8.... 29
36.... 8,7,8
,
6 30
34.... 8,7,4
4 3t
32.... 8, 7,0
2. . . .32
30 6,6,6
16,0 33
8 34
6 35
4 36
2 37
1 ....38
15,0.... 39
*14,0 46
Example
On the top of Chimboraao, one of the Andes in South America, and
S 4 the
