18
PROCEEDINGS OF THE AMERICAN ACADEMY.
TABLE V. — Conlinued.
P
\l
37
38
39
40
41
42
43
44
45
46
47
48
49
50
51
52
53
54
55
56
57
58
59
60
61
62
63
64
65
66
67
hi
+0.000001
-0.000001
0.1250000
3 I
4 *
0.250002
+0.000363
-0.000306
+0.000258
—0.000218
+0.000184
-0.000155
+0.000130
-0.000110
+0.000094
-0.000079
+0.000067
—0.000057
+0.000048
-0.000040
+0.000034
—0.000029
+ 0.000025
—0.000021
+0.000018
—0.000015
+0.000013
—0.000011
+0.000009
-0.000008
+0.000007
-0.000006
+0.000005
-0.000004
+0.000003
—0.000002
+0.000001
0.375004
