PEIUCE AND WILLSON. THKIIMAL CONDUCTIVITIES.
19
TABLE VI.
7' =
^ Xp.Ji (a?p) sinh ^^ j
p
-^ = \l
z=^l
z=^,l
1
+0.182182
+0.367002
+0.557133
2
-0.079568
—0.165236
-0.263573
3
+0.026424
+0.057870
+0.100321
4
—0.001060
—0.002499
-0.004832
5
-0.006854
-0.017708
-0.038898
6
+0.006445
+0.018519
+ 0.046768
7
-0.003686
-0.011920
—0.034875
8
+0.001315
+0.004833
+0.016446
9
-0.000029
-0.000120
-0.000477
10
-0.000401
-0.001943
-0.009010
11
+0.000381
+0.002131
+ 0.011547
12
—0.000222
—0.001441
-0.009131
13
+0.000080
+0.000609
+0.004513
14
-0.000001
-0.000009
-0.000082
15
-0.000026
-0.000270
-0.002743
16
+0.000025
+0.000304
+0.003602
17
-0.000015
-0.000210
-0.002918
18
+0.000006
+0.000090
+0.001471
19
-0.000000
-0.000001
—0.000020
20
-0.000002
-0.000042
—0.000939
21
+0.000002
+0.000048
+0.001249
22
-0.000001
-0.000034
-0.001024
23
+0.000000
+0.000012
+0.000522
24
—0.000000
—0.000006
25
-0.000007
-0.000342
26
+0.000008
+ 0.000456
27
-0.000006
-0.000382
28
+0.000003
+0.000194
29
-0.000000
-0.000001
30
-0.000001
-0.000133
31
+0.000001
+0.000176
32
—0.000001
-0.000146
33
+0.000000
+0.000075
34
-0.000000
-0.000001
35
... .
-0.000051
36
+0.000069
