257
No.
After min. :
°/ amine
inverted.
100 K.
No.
After min.:
% amine
inverted.
100 K.
1.
Aniline.
2. m. Xylidine.
1
2
17.4
0.105
1
4
28.8
0.101
2
4
28.9
0.102
2
6
35.2
0.091
3
6
36.0
0.094
3
8
42.0
0.090
4
8
43.4
0.096
4
10
46.8
0.088
5
10
47.5
0.091
5
15
55.7
0.084
6
15
57.2
0.090
6
20
63.0
0085
7
20
63.8
0.C89
7
30
72.5
0.088
8
30
71.9
0.085
8
53
81.5
0083
9
60
85.9
0102
9
89
88.1
0.083
10
105
91.3
0.100
10
152
934
0.093
11
170
94.8
0.107
' 11
240
100.0
—
12
260
1000
12
345
100.0
13
360
100.0
—
Averaj
*e: 0.0965
Average: 0.0886
3
. o. toluidin
e.
4. p
toluidine.
1
2'/a
18.2
0.102
1
5
26.5
0.072
2
7
42.1
0.104
2
10
38.8
0.063
3
12
52.0
0.090
3
15
51.2
0.070
4
17
60.3
0.089
4
2oy 4
571
0.066
5
22
65.9
0.088
5
30
65.0
0.062
6
30
73.6
0.093
6
40
72.5
0.066
7
45
80.6
0.092
7
55
77.9
0.064
8
60
83.3
0.083
8
70
80.9
0.061
9
80
88.0
0.092
9
100
88.7
0.078
10
110
91.3
0.095
10
130
91.7
0.085
11
180
97.5
—
11
190
97.2
—
12
320
100.0
-
12
280
98.5
—
13
360
100.0
—
13
320
100.0
—
14
360
100.0
—
Averag
e: 0.0928
Averai
*e: 0.0687
