258
No.
After min. :
°/o amine
inverted.
100 K.
No.
After min.
°/o amine
inverted.
100 K.
5. m-toluidine.
6. o-chloraniline.
1
2
3
4
5
6
7
8
9
10
11
2
4
6
10
15
25
40
94
164
258
380
21.2 0.135
36.0 0.141
45.9 0.141
56.8 0.131
65.9 0.129
76.5 0.130
84.9
93.2
97.0
100.0
100.0
Average: 0.137
1
2
3
4
5
6
7
8
9
10
11
12
2
4
7
13
18
26
35
50
65
80
147
360
49.6 0.492
67.9 0.526
77.0 0.478
86.0 0.473
89.0 0.456
98.5 0.474
94.4 0.482
96.8
92.5
100.0
100.0
100.0 —
Average: 0.483
7. p-chloraniline.
8. m-chloraniline.
1
2
3
4
5
6
7
8
9
10
11
12
13
1
2
4
7
11
15
25
45
60
90
211
271
360
13.8 0.159
24.4 0.161
39.2 0.161
51.4 0.151
62.5 0.151
69.2 0.150
79.0 0.150
87.0 0.149
90.1 0.152
93.1 0.150
97.0 0.153
100.0 —
100.0 —
Average: 0.153
1
2
3
4
5
6
7
8
9
10
11
12
4
6
8
10
15
20
30
60
120
210
300
360
36.3
45.5
51.6
59.5
66.6
72.5
79.6
88.0
92.4
98.4
100.0
100.0
0.143
0.140
0.134
0.147
0.135
0.132
0.130
0.122
Average: 0.135
