259
No. lAftermin.: %« 100 K. No. After min.: \™£ 100 K.
II I
9. o-bromaniline.
10. p. bromaniline.
1
2
2
4
3
6
4
8
5
10
6
15
7
20
8
30
9
50
10
105
11
172
12
380
48.2
0.465
64.2
0.448
72.8
0.445
77.9
0.440
81.8
0.449
87.0
0.440
90.1
0.455
93.2
0.456
97.1
—
99.8
100.0
100.0
—
Avera§
;e: 0.450
1
2
3
4
5
6
7
8
9
10
11
12
3
6
9
12
17
25
40
55
121
180
240
360
28.1
0.130
44.3
0.132
53.6
0.128
60.4
0.127
67.7
0.124
76.1
0.128
84.0
0.131
88.3
0.137
94.0
0.129
95.7
0.124
100.0
—
100.0
—
Average: 0.129
11. m. bromaniline.
12. o-iodaniline.
1
2
3
4
5
6
7
8
9
10
11
12
13
2
4'/ 2
67 4
9
21.5 0.137
41.0 0.154
47.3 0.137
I
55.3 0.137
12 61.2 0.140
16 68.0 0.133
20 72.2 0.130
32 82.2 0.143
45 86.8 0.146
115 95.0 0.165
180 97.2 —
300 100.0 —
350 100.0
Average: 0.142
1
2
3
4
5
6
7
8
9
10
11
12
2
4
7
12
17
27
45
85
147
227
300
360
47.1
0.445
62.8
0.422
75.1
0.431
86.0
0.513
91.0
—
95.3
—
97.9
—
99.6
—
100.0
100.0
—
100.0
—
100.0
—
Avera
ge: 0.453
