260
No. After nun, >™£ I .00 K.
No. After^n, £«•»
13. p-iodaniline.
14. m. iodaniline.
100 K.
1
2V4
29.3
9
1
2
23.4
0.153
2
4Vs
42.7
0.165
2
4
37.8
0.152
3
6
49.0
0.160
3
7
50.7
0.147
4
10
58.9
0.143
4
10
59.5
0.147
5
15
69.3
0.150
5
15
70.0
0.155
6
30
81.0
0.142
6
20
76.0
0.158
7
45
86.5
0.142
7
30
81.9
0.151
8
75
91.9
0.151
8
45
87.1
0.150
9
152
98.0
—
9
110
96.9
10
255
100.0
—
10
178
98.0
11
360
100.0
—
11
265
100.0
_
12
400
100.0
—
Average: 0.1505
Average: 0.1515
15. Orthanilic acid.
16. Sulfanilic acid.
1
1
2
2
3
5
4
7
5
13
6
28
7
43
8
58
9
180
10
240
11
300
12
360
52.1
1.09
65.1
0.93
83.6
1.02
87.6
1.01
92.0
0.89
96.3
0.93
97.2
0.81
98.1
0.89
99.5
1.11
100.0
—
100.0
—
100.0
—
Averag
'e: 0.966
1
2
3
4
5
6
7
8
9
10
11
12
1
2
4
6
8
11
15
25
47
120
270
320
19.4
0.241
33.0
0.246
49.5
0.245
59.6
0.246
66.5
0.248
73.1
0.247
78.9
0.249
86.1
0.248
92.2
0.251
97.1
0.279
100.0
—
100.0
—
Average
0.247
