( 516 )
TABLE [III).
;,(-lo°.7)
p (20°)
5
iO
15
20
25
30
35
40
45
50
55
60
65
70
75
80
85
90
95
100
105
110
115
-120
125
130
135
140
145
150
5.28
10.54
15.79
21 02
20.24
31.45
36.65
41.84
47 02
52 21
57.40
62.58
67.78
7 '.97
78.18
8.S.39
88.63
93.88
99.15
104.44
100.76
115.10
120.47
125.8)
131.33
136.82
142.36
147.91
153 53
159,21
5 r6
10 70
16.03
21 35
26.66
31.95
37 23
42.52
47 . 79
53.07
58.36
63.64
68 94
74.23
79.54
84.86
90.20
95.56
100.95
106.34
111.78
117.24
122.73
128.27
133. Si
139.46
l^i5.12
150.80
1 56 . 55
162.38
75(25°;
5.45
10 89
16.32
21.73
27.14
32 53
37.92
43.31
48.69
54.08
59.48
64.87
70.28
75.69
81.13
86.57
92.03
97.52
103 03
108.56
114.13
119.73
125.36
131.04
136.75
142.52
148.33
154.17
160.07
166.05
^p
0.018
0.037
0.057
0.070
0.096
116
137
0.158
0.179
0.201
0.224
0.246
0.269
0.293
0.317
0.341
0.366
0.391
0.417
0.443
0.470
0.497
0.525
0.554
0.5S3
0.612
0.642
0.672
0.703
. 735
1) The error of calculalion, made in Ihe j) by interpolating linearly for inter-
mediate volumes, is smaller than Ü.Ü1 atm.
