( o84
)
c. Isoth
leniml of il°.35 C.
INc.
i
V
P
pv
w
0.010341
63.46
0.6562
2
0.00G505
66.25
0.6298
3
8763
68 906
0.6038
4
8629
69.37
0.5986
bc
5
7950
70.95
0.5640^
0.000217
6
7203
73.535
0.5297
384
7
6396
77 C2
0.4926
573
8
5608
81.14
0.4550
781
9
4829
86 40
0.4172
0.001097
10
4097
92.84
O.Ph04
1370
41
3712
96.79
0.3593
1707
12
3446
100.08
0.3449
2336
13
3397
100 89
0.3127
ec
li
3280
:03.21
0.3385
15
3028
110.48
0.3345
16
2853
IIP. 11
0.3398
17
2718
128.4i
0.3 '.91
18
26-1
137.56
0.3605
d. Plaitpoint isothermal (12^5i O.
No.
1
2
3
4
5
6
7
8
9
10
11
12
13
V
P
0.010259
61.42
0.009570
66.77
8741
69.74
8040
n/21
7197
75.16
6378
78.56
5597
82.66
4772
88.24
3981
95.61
3606
99.65
3299
'105.38
3057
112.34
2870
121.71
2)v
0.6609
0.6390
0.609G
0.5811
0.5409
0.5010^
0.4627
0.4211
0.3806
0.3593
0.3476'
O 3i3't
0.3i93
''il-
bc
0.000201
439
074
0.001041
1360
pp
