( 585 )
e. Isothermal
of M°.04 C.
No.
V
P
pv
^i,.
1
0.010318
65.00
0.6713
2
0.009504
67,91
6i5i
3
8726
70.87
0.6184
4
7926
7 4. '00
0.5870
5
7272
76 79
0.5584
he
6
7095
77.46
0.5i96
0.000043
7
0337
80.59
0.5107
0.000265
8
5694
84.05
0.4786
457
9
4761
90.15
0.4292
786
10
4102
93.10
0.4101
888
11
4066
96.35
0.3918
933
12
3947
97.55
0.3850
ec 1)
13
8700
100.97
0.3736
14
3287
109 15
0.3588
15
3002
118.66
0.3562
16
2823
128.20
0.3619
ƒ Isotl
lermal
of 15°.4i C.
No.
V
p
po
%.
1
010276
66.02
0.6784
2
0.009515
68.77
0.6543-5
3
8763
71.71
0.6284
4
7991
74.91
5986
5
7159
78.62
0.5628
6
6435
82.05
0.5280
be
7
5971
84.325
0.5035
0.000139
8
5604
86.34
0.4838
228
9
5229
88.71
0.46.39
327
10
499^
90.31
0.4515
367
11
4844
91.44
0.4429
387
12
4667
92.81
0.4331
361
13
4538
93.84
0.4258
273
14
4460
94.43
0.42116
164
15
4419
94.87
0.4192
ec
16
4045
98.88
4000
17
3692
103 36
0.3816
18
32.53
113.06
0.3678
19
3008
122 03
0.3671
20
2821
133.17
0.3757
21
2732
141.72
0.3872
') Here we also had retrograde condensation of the first kind, although this
does not appear from the values given.
