BIRDS
MEASUREMENTS OF ADULT SPECIMENS OF GeOSptZd fuliginoSd
parvula.
Is
"
bo
g
S:
L
fd
1,
.
6*
KT ^
lyocality.
1
bo
d
a
^
Js
rt
~o
S2
+ IH
*
3 P
S
'
*3
u
o
f
3*
5*
H
3995
Albemarle, Tagus Cove.
$
112
62
42
12
6
6.7
8.7
8
18.3
3985
1
115
65
46
13
6.5
6-5
8.5
8
19
112
62
38.5
12.5
6
6.5
8
8.5
18
3942
64
12.5
6.3
7
9-5
8
19-5
3986
110
63
42
13-3
7-3
6-7
9
19
3814
110
64
46
14
7
7
8.5
9
18.5
4030
115
63
13
6.7
6.5
9
9
18.5
3941
105
63
41
12
6
6.7
8.7
8-5
18
4047
120
6 5
48
13.5
6-7
7
8-3
8-5
20
4007
III
63
38
12.5
6.5
7
10
8
19
4036
120
65
40
13.5
6.5
7
9-5
8-3
19
4341
120
61
44
13
6.5
6-7
8.3
8.3
18.7
4110
120
63
42
13
7
6.7
8.3
8.3
19
4400
112
62
44
12.7
6-3
7
9
8
2O
4206
112
64
45
13-5
6-3
7
9
8-5
18
4139
115
63
42.5
12.7
6.5
7
8.5
8
19.7
4187
112
64
42
12
7
6.5
8.5
7-5
19-5
4288
62.5
13
6-5
6-5
8.3
8
20
4211
126
62
45
14
7
7
8.5
9
20
4366
66
40
12.5
6-5
7-5
9-5
8
19
4397
122
64
38.5
13
7
7
9
19
4384
116
64
43
13-5
7
7
8
8-3
20
4394
"3
64
13
6-5
7
9
8-3
19
4378
122
64
39
13
7
8
10
8-5
4365
61
13
5-3
6.5
9
8.7
19.7
4391
112
65
37-5
13-5
7-5
7-5
8.5
20.5
4377
122
62
40
13-5
6.7
7
9-7
8.5
18
4399
112
62
39
13
6.3
6.7
8.5
9
9-3
4368
118
64-5
39
12
6.5
7
9
7-5
4408
120
63.5
38
12.5
6-5
7
9-5
8.5
9
3926
9
114
63
40
12.5
6-5
6-3
8-3
8
8-7
3913
114
60
42
13
7
6.7
9
8-5
4162
HO
59-5
47
12
6
6.7
8.5
7.5
8-5
4193
112
61
45
13
6.3
6-5
8.7
8
19-5
4261
"5
61
44
12.5
7
6.5
9-7
8
18.5
4286
125
62
39
13-5
6-5
6.7
8.3
8-3
4779
118
61.5
35
12.5
6-5
6-5
8
7-5
19
439 s
108
69
39
12
6.5
6-5
8
17
4383
112
59
34
12-5
6-5
7
8
8
19-5
4343
112
59
36.5
13
6-3
6.5
8-7
8
19
4359
HO
61
38.5
13
6
6.5
8.5
8
4395
112
62
44
13
6-7
7
8.7
8
19.5
4364
112
61
42
12-5
7
6-5
8
8.5
J 9
4349
61
37
H.5
6
6
8
7.7
20
4392
HO
59
39
6
6-5
8
8
19
4401
III
59
35
12
6-5
7
8.5
8
18
4406
115
62
40
H.5
6-5
7
8-5
8
17.5
4402
123
62
38
13
6-5
6.7
8-5
8
19
4367
H5
60
39
12
6-5
6.5
7-7
8
18
4369
61
38
12
6-5
6.5
8.5
8
18
