()l(l
BRIDGMAN.
Tabic VII, Cnntiinied.
Pressure
Temperature
AV
cm^./gm.
dr
Jp
Latent Heat
kgrn-m./gm.
Change
of Energy
kgm.ixi. /gm.
II-IV
1000
65°. 3
.01210
.0146
2.81
2.69
2000
79 .6
1211
141
3.04
2.80
3000
93 .4
1212
136
3.27
2.91
4000
106 .8
1215
131
3.52
3.03
5000
119 .7
1220
127
3.77
3.16
GOOO
132 .2
1228
123
4.05
3.31
• 7000
144 .3
1238
119
4.34
3.48
8000
156 .0
1250
115
4.66
3.66
9000
167 .4
1265
111
5.01
3.87
III-IV
1
32°.
. 02026
.0311
1.99
1.99
200
38 .5
2051
336
1.91
1.86
400
45 .4
2077
360
1.84
1.76
600
52 .9
2102
3S5
1.78
1.65
800
60 .8
2128
410
1.73
1.56
IV-V
1
-18°.
-.017±
-.063
0.69
0.69
I-VI
9000
186°. 6
.00858
5.26
4.49
10000
194 .1
785
.00750
4.89
4.11
11000
201 .6
740
4.68
3.87
II-VI
9154
170°.0
.00312
-.125
.111
.296
9034
185 .0
373
.137
.474
