TABLE XIII.
Phenol.
Pressure
Temperature
AV
cm3./gm.
dt
dp
Latent Heat
kgm m./gm.
Change
of Energy
kgm.m./gm.
Liquid — I.
1
40°. 87
.0567
.0140
12.70
12.70
500
47 .5
471
125
12.12
11.88
1000
53 .4
395
111
11.62
11.22
1500
58 .7
335
099
11.15
10.73
2000
63 .3
280
088
10.72
10.16
I-II.
1327
0°.0
.0593
.0843
1.926
1.139
1565
20 .0
580
a
2.021
1.113
1803
40 .0
568
u
2.113
1.089
2039
60 .0
556
a
2.202
1.068
Liquid — II.
2000
62°. 1
.0831
.02218
12.56
10.90
3000
82 .1
767
1868
14.58
12.28
4000
99 .8
714
1684
15.81
12.95
5000
115 .9
669
1553
16.75
13.40
6000
131 .0
630
1461
17.42
13.64
7000
145 .2
595
1389
17.92
13.76
8000
158 .8
564
1334
18.26
13.75
9000
171 .9
538
1289
18.58
13.74
10000
184 .6
513
1254
18.73
13.60
11000
197 .0
489
1228
18.72
13.34
12000
209 .2
468
1211
18.64
13.02
Triple Point.
L-I
.0270
.00861
10.57
10.01
2085
64°.
L-II
.0825
.02171
12.79
11.07
I-II
.0555
.0843
2.221
1.063
